NORMALS 1991-2020                            JAN    FEB    MAR    APR    MAY    JUN    JUL    AUG    SEP    OCT    NOV    DEC    ANN
USW00013876BIRMINGHAM                 ,AL   54.5   59.1   67.1   75.0   82.0   88.1   91.0   90.6   85.9   76.0   65.0   56.9   74.3
USW00003856HUNTSVILLE                 ,AL   52.3   57.1   65.5   74.8   82.5   89.1   91.5   91.3   86.5   76.0   63.9   55.0   73.8
USW00013894MOBILE                     ,AL   61.5   65.6   71.8   77.8   84.9   89.4   90.9   90.8   87.5   79.7   70.2   63.5   77.8
USW00013895MONTGOMERY                 ,AL   59.8   64.7   71.9   78.8   86.0   91.5   93.7   93.6   89.3   80.2   69.8   61.9   78.4
USW00026451ANCHORAGE                  ,AK   22.7   27.3   33.0   45.1   56.3   63.4   66.2   64.0   55.7   42.0   28.9   25.0   44.1
USW00025308ANNETTE                    ,AK   42.9   44.1   46.0   51.8   58.6   62.9   65.9   66.3   61.1   53.6   46.8   43.1   53.6
USW00027502BARROW                     ,AK   -5.2   -5.5   -3.8   10.6   26.9   40.9   47.7   44.5   37.1   25.6   11.5    -.4   19.2
USW00026615BETHEL                     ,AK   12.7   20.1   22.0   36.9   52.0   62.1   63.6   60.5   52.7   37.9   24.3   16.3   38.4
USW00026533BETTLES                    ,AK   -2.4    6.5   16.6   35.9   55.7   69.9   70.2   62.6   49.8   28.4    7.6    1.9   33.6
USW00026415BIG DELTA                  ,AK    6.1   15.6   24.7   44.2   58.7   68.2   69.7   64.5   53.3   33.3   14.9    9.4   38.5
USW00025624COLD BAY                   ,AK   33.2   35.0   35.4   40.2   46.5   52.1   56.2   57.2   53.4   46.5   39.9   35.6   44.3
USW00026411FAIRBANKS                  ,AK    0.6   11.6   24.9   45.6   62.1   71.8   72.7   66.4   55.3   34.1   12.3    4.3   38.5
USW00026425GULKANA                    ,AK    5.0   16.1   28.0   44.4   58.2   67.3   69.3   64.6   54.2   35.9   15.0    7.8   38.8
USW00025507HOMER                      ,AK   31.8   34.9   37.1   46.1   53.8   59.3   63.1   62.6   56.7   47.1   37.6   34.0   47.0
USW00025309JUNEAU                     ,AK   33.1   35.7   39.2   48.7   57.6   62.4   64.0   62.9   56.1   47.3   38.3   34.7   48.3
USW00025503KING SALMON                ,AK   23.5   29.5   31.8   44.5   55.2   62.1   64.6   63.3   56.3   43.8   31.9   25.7   44.4
USW00025501KODIAK                     ,AK   36.1   37.5   38.8   44.7   51.7   57.0   61.8   62.8   57.1   48.3   41.2   37.3   47.9
USW00026616KOTZEBUE                   ,AK    4.5    8.6    9.1   23.8   39.0   53.2   60.1   56.6   47.5   30.8   15.9    8.6   29.8
USW00026510MCGRATH                    ,AK    2.6   14.7   24.5   42.9   58.9   68.8   69.5   64.0   53.9   34.5   14.9    5.5   37.9
USW00026617NOME                       ,AK   13.2   16.8   17.6   29.4   43.6   55.1   57.7   56.0   49.0   36.0   24.3   16.2   34.6
USW00025713ST. PAUL ISLAND            ,AK   29.2   29.4   29.5   34.1   40.8   47.5   51.6   53.0   50.1   43.6   37.7   33.1   40.0
USW00026528TALKEETNA                  ,AK   21.8   28.2   34.6   46.6   58.7   67.1   68.7   65.1   56.0   41.8   27.9   23.4   45.0
USW00026442VALDEZ                     ,AK   28.7   31.9   36.7   46.4   55.6   62.5   64.1   62.0   55.0   44.9   33.9   30.7   46.0
USW00025339YAKUTAT                    ,AK   34.8   37.8   40.0   46.9   53.7   58.8   61.6   61.8   56.9   48.9   40.1   36.4   48.1
USW00003103FLAGSTAFF                  ,AZ   43.4   45.7   52.2   59.2   68.1   79.1   82.0   79.3   74.1   63.6   52.1   43.0   61.8
USW00023183PHOENIX                    ,AZ   67.6   70.8   78.1   85.5   94.5  104.2  106.5  105.1  100.4   89.2   76.5   66.2   87.1
USW00023160TUCSON                     ,AZ   66.5   69.2   75.8   82.9   91.8  101.2  100.2   98.6   95.1   86.3   75.1   65.5   84.0
USW00023194WINSLOW                    ,AZ   49.8   56.2   64.5   71.9   81.2   92.3   94.6   91.7   85.6   73.8   60.3   48.7   72.6
USW00013964FORT SMITH                 ,AR   51.3   56.6   65.6   74.5   81.4   89.4   94.1   93.7   86.5   75.9   63.4   53.3   73.8
USW00013963LITTLE ROCK                ,AR   50.5   55.2   63.7   72.8   80.5   88.2   91.7   91.5   85.1   74.2   61.9   52.6   72.3
USW00023155BAKERSFIELD                ,CA   58.5   64.3   70.2   75.9   84.1   92.3   98.3   96.9   91.4   80.2   67.1   58.8   78.2
USW00023157BISHOP                     ,CA   56.3   59.3   67.1   73.7   82.8   93.5   99.7   98.0   90.0   77.6   64.2   54.5   76.4
USW00023225BLUE CANYON                ,CA   46.5   45.0   48.2   52.0   60.6   69.8   77.8   77.4   72.9   62.9   51.2   44.8   59.1
USW00093193FRESNO                     ,CA   55.4   61.3   67.5   73.7   82.7   91.4   97.7   96.5   90.7   78.7   64.9   55.3   76.3
USW00023129LONG BEACH                 ,CA   67.4   66.8   68.6   71.4   73.1   76.1   81.4   83.2   82.4   77.7   72.5   66.7   73.9
USW00093134LOS ANGELES                ,CA   68.0   68.0   69.9   72.4   73.7   77.2   82.0   84.0   83.0   78.6   72.9   67.4   74.8
USW00024257REDDING                    ,CA   57.2   61.0   65.7   71.8   82.0   91.9   99.9   98.1   92.3   79.4   64.4   56.0   76.6
USW00023232SACRAMENTO                 ,CA   56.0   61.3   66.3   72.1   80.3   87.9   92.6   91.9   88.5   78.8   65.0   56.0   74.7
USW00023188SAN DIEGO                  ,CA   66.4   66.2   67.0   68.8   69.5   71.7   75.3   77.3   77.2   74.6   70.7   66.0   70.9
USW00023272SAN FRANCISCO              ,CA   57.8   60.4   62.1   63.0   64.1   66.5   66.3   67.9   70.2   69.8   63.7   57.9   64.1
USW00023190SANTA BARBARA              ,CA   64.2   63.8   65.9   67.8   69.2   70.3   73.3   74.5   74.3   73.4   69.2   64.3   69.2
USW00023273SANTA MARIA                ,CA   64.7   64.8   66.3   68.1   69.3   71.3   73.3   73.8   75.0   74.6   70.0   64.3   69.6
USW00023237STOCKTON                   ,CA   57.0   62.9   68.5   74.5   82.8   90.4   95.4   94.4   90.4   80.3   66.6   57.1   76.7
USW00023061ALAMOSA                    ,CO   34.8   41.2   52.7   60.2   69.8   80.2   83.3   80.5   74.4   62.8   48.5   35.4   60.3
USW00093037COLORADO SPRINGS           ,CO   45.0   46.5   54.9   61.0   70.7   81.6   86.5   83.6   77.1   64.7   52.9   44.6   64.1
USW00023062DENVER                     ,CO   46.5   47.5   56.4   62.5   71.7   84.1   90.2   87.9   80.1   66.7   54.8   45.9   66.2
USW00023066GRAND JUNCTION             ,CO   38.1   46.4   58.3   65.8   76.8   89.2   94.5   90.9   81.7   66.9   51.8   38.8   66.6
USW00093058PUEBLO                     ,CO   48.4   51.1   60.6   67.3   77.2   88.6   93.4   90.2   83.1   69.7   56.7   47.5   69.5
USW00094702BRIDGEPORT                 ,CT   38.4   40.5   47.4   58.3   68.4   77.7   83.4   81.9   75.4   64.4   53.6   43.8   61.1
USW00014740HARTFORD                   ,CT   35.3   38.5   47.3   60.5   71.7   79.9   85.2   83.3   75.7   63.5   51.5   40.6   61.1
USW00013781WILMINGTON                 ,DE   41.4   44.1   52.5   64.2   73.5   82.2   86.8   84.9   78.5   67.0   55.9   46.0   64.8
USW00093738WASHINGTON DULLES          ,DC   42.6   46.1   54.8   66.8   75.0   83.1   87.6   86.3   79.3   67.8   56.5   46.5   66.0
USW00013743WASHINGTON NAT'L           ,DC   44.8   48.3   56.5   68.0   76.5   85.1   89.6   87.8   80.7   69.4   58.2   48.8   67.8
USW00012834DAYTONA BEACH              ,FL   69.0   71.7   75.5   80.2   85.0   88.6   90.2   89.8   87.3   82.2   76.1   71.5   80.6
USW00012835FORT MYERS                 ,FL   75.0   78.0   81.1   85.3   89.5   91.0   91.6   91.7   90.0   86.6   81.3   77.3   84.9
USW00012816GAINESVILLE                ,FL   67.1   70.9   75.8   81.5   87.4   90.3   91.1   90.5   88.1   82.1   74.7   69.3   80.7
USW00013889JACKSONVILLE               ,FL   65.5   68.9   74.3   79.8   85.9   89.9   91.9   90.8   87.2   80.9   73.2   67.5   79.6
USW00012836KEY WEST                   ,FL   75.8   77.4   79.6   82.6   85.9   88.7   90.2   90.6   89.0   85.8   81.0   77.7   83.7
USW00012839MIAMI                      ,FL   76.2   78.2   80.6   83.6   86.7   89.3   90.6   90.7   89.0   85.9   81.3   78.2   84.2
USW00012815ORLANDO                    ,FL   71.8   74.9   78.9   83.6   88.4   90.8   92.0   91.6   89.6   84.7   78.3   73.8   83.2
USW00013899PENSACOLA                  ,FL   62.7   66.4   72.0   77.6   85.1   90.0   91.6   91.0   88.5   81.1   71.8   65.1   78.6
USW00093805TALLAHASSEE                ,FL   63.9   67.8   74.2   80.2   87.4   90.8   92.1   91.5   88.6   81.7   72.5   65.9   79.7
USW00012842TAMPA                      ,FL   71.3   74.0   77.8   83.0   88.3   90.5   91.0   91.2   90.2   85.6   78.9   73.9   83.0
USW00012843VERO BEACH                 ,FL   73.3   75.6   78.4   81.9   85.7   88.9   90.5   90.6   88.4   84.8   79.3   75.4   82.7
USW00012844WEST PALM BEACH            ,FL   74.7   76.7   79.2   82.2   85.7   88.3   90.0   89.9   88.0   84.7   80.0   76.5   83.0
USW00013873ATHENS                     ,GA   54.7   58.9   66.8   74.8   82.3   88.9   92.0   90.4   84.6   75.1   64.9   56.8   74.2
USW00013874ATLANTA                    ,GA   54.0   58.2   65.9   73.8   81.1   87.1   90.1   89.0   83.9   74.4   64.1   56.2   73.2
USW00003820AUGUSTA                    ,GA   59.6   63.5   71.0   78.5   85.9   91.3   94.1   92.6   87.8   79.0   69.1   61.5   77.8
USW00093842COLUMBUS                   ,GA   58.7   63.2   70.4   77.7   85.1   90.2   92.9   91.8   87.3   78.3   68.4   60.6   77.1
USW00003813MACON                      ,GA   59.3   63.4   70.6   77.9   85.8   90.9   93.5   92.2   87.6   78.9   69.1   61.3   77.5
USW00003822SAVANNAH                   ,GA   61.4   65.1   71.4   78.2   84.7   89.6   92.3   90.8   86.4   79.0   70.2   63.7   77.7
USW00021504HILO                       ,HI   78.7   78.4   78.5   79.0   80.7   81.8   82.8   82.9   83.3   82.4   80.3   78.8   80.6
USW00022521HONOLULU                   ,HI   80.5   80.5   81.2   83.1   84.8   86.9   88.1   88.8   88.4   86.9   84.1   81.8   84.6
USW00022516KAHULUI                    ,HI   82.2   82.2   82.9   84.5   86.5   88.3   89.2   89.9   90.0   88.7   85.8   83.3   86.1
USW00022536LIHUE                      ,HI   78.6   78.1   78.5   79.8   81.6   83.3   84.6   85.2   85.3   83.9   81.2   79.1   81.6
USW00024131BOISE                      ,ID   38.8   46.0   55.5   62.3   72.3   81.4   92.7   90.7   80.0   64.8   48.8   38.8   64.3
USW00024149LEWISTON                   ,ID   42.1   47.0   55.1   62.3   72.0   79.0   90.8   90.1   79.5   63.0   48.7   40.8   64.2
USW00024156POCATELLO                  ,ID   34.2   39.0   50.5   58.6   68.7   78.5   89.3   88.1   77.2   61.5   46.1   34.3   60.5
USW00094846CHICAGO                    ,IL   31.6   35.7   47.0   59.0   70.5   80.4   84.5   82.5   75.5   62.7   48.4   36.6   59.5
USW00014923MOLINE                     ,IL   31.8   36.6   49.9   63.0   73.9   83.1   86.1   84.1   77.9   64.8   49.8   37.0   61.5
USW00014842PEORIA                     ,IL   33.6   38.7   51.2   63.7   74.2   83.2   86.3   84.6   78.4   65.4   50.8   38.5   62.4
USW00094822ROCKFORD                   ,IL   29.1   33.4   46.5   59.7   71.2   80.7   83.9   82.0   75.3   62.3   47.1   34.3   58.8
USW00093822SPRINGFIELD                ,IL   35.9   41.1   53.1   65.6   75.7   84.0   86.8   85.4   80.2   67.4   52.7   40.7   64.1
USW00093817EVANSVILLE                 ,IN   41.7   46.7   56.8   68.4   77.3   85.7   88.6   87.9   81.9   70.1   56.2   45.6   67.2
USW00014827FORT WAYNE                 ,IN   32.6   36.5   47.8   60.9   72.2   81.0   84.1   82.0   76.1   63.7   49.4   37.5   60.3
USW00093819INDIANAPOLIS               ,IN   36.1   40.8   51.9   63.9   73.4   82.0   85.2   84.3   78.2   65.6   51.8   40.4   62.8
USW00014848SOUTH BEND                 ,IN   31.2   34.9   46.2   59.0   70.1   79.4   82.7   80.8   74.4   61.8   47.7   36.3   58.7
USW00014933DES MOINES                 ,IA   30.9   35.7   49.2   62.0   72.4   81.9   85.6   83.6   76.9   63.4   48.3   35.9   60.5
USW00094908DUBUQUE                    ,IA   26.5   30.9   44.1   57.7   69.2   78.5   81.5   79.6   72.9   59.9   44.8   31.8   56.4
USW00014943SIOUX CITY                 ,IA   29.5   34.2   47.6   61.1   72.3   81.9   85.0   82.6   76.6   62.8   46.8   33.4   59.5
USW00094910WATERLOO                   ,IA   28.2   32.6   46.5   60.9   72.8   82.2   85.0   82.9   76.8   63.0   47.1   33.7   59.3
USW00013984CONCORDIA                  ,KS   38.7   43.5   55.4   64.9   74.8   86.0   90.3   87.7   80.4   67.5   53.0   41.1   65.3
USW00013985DODGE CITY                 ,KS   45.6   49.4   59.6   68.5   78.3   88.6   93.7   91.4   83.8   70.8   57.1   45.9   69.4
USW00023065GOODLAND                   ,KS   43.4   45.8   56.3   64.0   73.6   85.2   90.4   87.5   80.1   66.6   53.7   43.8   65.9
USW00013996TOPEKA                     ,KS   40.4   45.7   57.1   67.0   76.4   85.8   90.2   88.9   81.0   68.9   55.2   43.8   66.7
USW00003928WICHITA                    ,KS   43.9   48.9   59.1   68.3   77.5   87.9   92.6   91.0   83.3   70.8   57.0   45.8   68.8
USW00003889JACKSON                    ,KY   44.2   48.8   58.0   69.2   75.7   82.2   85.0   84.4   79.0   68.8   57.4   47.6   66.7
USW00093820LEXINGTON                  ,KY   42.3   46.8   56.1   67.2   75.8   83.8   86.9   86.2   80.2   68.6   55.8   45.9   66.3
USW00093821LOUISVILLE                 ,KY   43.6   48.3   58.1   69.6   77.8   85.7   89.0   88.4   82.2   70.5   57.6   47.2   68.2
USW00003816PADUCAH                    ,KY   44.7   49.7   59.7   70.4   79.1   87.1   89.9   89.5   83.2   71.8   58.5   48.3   69.3
USW00013970BATON ROUGE                ,LA   62.3   66.6   73.0   79.1   85.8   90.5   91.9   92.2   88.7   80.9   71.0   64.3   78.9
USW00003937LAKE CHARLES               ,LA   63.0   66.7   73.1   79.0   85.4   90.5   92.2   92.8   89.4   82.1   72.2   65.3   79.3
USW00012916NEW ORLEANS                ,LA   62.5   66.4   72.3   78.5   85.3   90.0   91.4   91.3   88.1   80.6   71.2   64.8   78.5
USW00013957SHREVEPORT                 ,LA   58.4   62.6   70.4   77.5   84.6   91.1   94.3   94.9   89.6   79.3   67.9   59.9   77.5
USW00014607CARIBOU                    ,ME   20.8   24.1   34.3   47.7   63.0   72.1   77.1   75.7   67.3   53.2   39.5   27.5   50.2
USW00014764PORTLAND                   ,ME   32.4   35.0   42.3   53.8   64.2   73.6   79.5   78.7   71.1   59.5   48.4   38.3   56.4
USW00093721BALTIMORE                  ,MD   43.2   46.4   54.8   66.5   75.5   84.4   88.8   86.5   79.7   68.3   57.3   47.5   66.6
USW00014739BOSTON                     ,MA   36.8   39.0   45.5   56.4   66.5   76.2   82.1   80.4   73.1   62.1   51.6   42.2   59.3
USW00094746WORCESTER                  ,MA   32.3   35.1   43.0   55.7   66.6   74.5   79.8   78.1   70.7   58.9   47.9   37.5   56.7
USW00094849ALPENA                     ,MI   28.1   30.2   39.4   52.2   65.8   75.9   80.5   78.8   71.0   57.6   44.6   33.6   54.8
USW00094847DETROIT                    ,MI   32.3   35.2   45.9   58.7   70.3   79.7   83.7   81.4   74.4   62.0   48.6   37.2   59.1
USW00014826FLINT                      ,MI   29.9   32.8   43.3   56.7   68.9   78.2   82.1   79.9   73.1   60.1   46.6   34.9   57.2
USW00094860GRAND RAPIDS               ,MI   31.0   33.7   44.5   57.8   69.8   79.4   83.1   80.9   73.9   60.7   47.2   36.1   58.2
USW00094814HOUGHTON LAKE              ,MI   26.9   29.6   40.4   53.8   67.2   76.7   80.5   78.3   70.6   56.8   43.1   32.1   54.7
USW00014836LANSING                    ,MI   30.6   33.5   44.4   57.6   69.4   78.9   82.8   80.6   73.6   60.5   47.0   35.7   57.9
USW00014840MUSKEGON                   ,MI   32.5   34.5   44.3   56.6   68.4   77.7   81.6   80.2   73.4   60.6   47.8   37.4   57.9
USW00014847SAULT STE. MARIE           ,MI   24.0   26.4   35.5   48.5   63.2   72.5   76.8   75.8   68.0   54.1   41.2   30.5   51.4
USW00014913DULUTH                     ,MN   19.9   24.8   36.2   49.2   63.0   72.1   77.7   75.8   67.2   52.7   37.1   24.7   50.0
USW00014918INTERNATIONAL FALLS        ,MN   15.7   21.7   35.4   50.1   64.2   73.5   77.7   76.0   66.4   51.2   34.4   20.8   48.9
USW00014922MINNEAPOLIS-ST.PAUL        ,MN   23.6   28.5   41.7   56.6   69.2   79.0   83.4   80.7   72.9   58.1   41.9   28.8   55.4
USW00014925ROCHESTER                  ,MN   22.5   26.7   39.9   55.3   68.0   77.6   80.3   78.0   71.8   57.9   41.7   28.0   54.0
USW00014926SAINT CLOUD                ,MN   20.7   25.7   38.5   54.3   67.8   77.2   81.6   79.2   71.0   55.9   39.3   25.8   53.1
USW00003940JACKSON                    ,MS   57.4   62.0   69.4   76.5   83.8   89.9   92.1   92.2   87.8   78.3   67.2   59.6   76.4
USW00013865MERIDIAN                   ,MS   59.0   63.8   71.2   78.2   85.3   91.0   93.3   93.1   88.9   79.5   68.7   61.1   77.8
USW00093862TUPELO                     ,MS   53.2   57.8   66.4   74.9   82.7   89.5   92.3   91.9   86.7   76.5   64.3   55.6   74.3
USW00003945COLUMBIA                   ,MO   39.5   45.1   56.3   67.2   75.9   84.5   88.5   87.7   80.1   68.2   54.7   43.6   65.9
USW00003947KANSAS CITY                ,MO   38.4   43.6   55.4   65.5   75.0   84.2   88.3   87.1   79.2   67.2   53.5   42.3   65.0
USW00013994ST. LOUIS                  ,MO   40.4   45.8   56.6   68.0   77.1   85.9   89.6   88.3   81.1   69.2   55.5   44.5   66.8
USW00013995SPRINGFIELD                ,MO   44.3   49.5   58.9   68.4   76.3   85.2   89.6   89.1   81.4   69.9   57.3   47.0   68.1
USW00024033BILLINGS                   ,MT   36.0   39.2   49.0   56.9   66.9   77.0   87.3   85.8   74.3   58.8   45.7   36.1   59.4
USW00094008GLASGOW                    ,MT   23.5   28.0   41.8   56.8   67.7   76.3   85.5   84.8   72.9   56.5   40.0   27.2   55.1
USW00024143GREAT FALLS                ,MT   35.3   37.1   46.1   54.9   64.6   72.8   84.3   83.2   71.7   57.0   43.7   35.6   57.2
USW00094012HAVRE                      ,MT   28.3   32.5   44.0   57.3   67.5   75.7   85.8   84.6   73.0   57.5   42.1   31.7   56.7
USW00024144HELENA                     ,MT   32.4   37.2   47.5   56.7   66.4   74.7   86.1   84.6   73.3   57.6   42.8   32.6   57.7
USC00244558KALISPELL                  ,MT   31.0   35.5   45.1   55.0   65.1   71.2   82.2   81.7   70.4   54.1   39.4   31.0   55.1
USW00024153MISSOULA                   ,MT   31.6   37.0   47.9   56.1   66.2   73.2   85.4   84.3   72.6   55.7   39.9   30.9   56.7
USW00014935GRAND ISLAND               ,NE   36.1   40.4   52.6   63.3   73.4   84.4   88.1   85.8   79.3   65.6   51.1   38.9   63.2
USW00014939LINCOLN                    ,NE   35.6   40.6   53.6   64.8   75.0   85.2   89.4   87.2   80.1   66.6   51.7   39.4   64.1
USW00014941NORFOLK                    ,NE   32.7   37.0   49.6   61.4   72.2   82.2   86.4   84.0   77.4   63.6   48.3   35.7   60.9
USW00024023NORTH PLATTE               ,NE   40.7   43.9   55.2   63.2   72.8   84.0   89.7   87.2   80.0   66.0   52.6   42.0   64.8
USW00014942OMAHA                      ,NE   33.6   38.6   52.1   64.1   74.6   84.4   88.1   85.8   79.1   65.5   50.3   37.7   62.8
USW00024028SCOTTSBLUFF                ,NE   41.7   44.6   54.9   62.3   71.9   83.9   90.7   88.8   79.9   64.9   51.7   41.6   64.7
USW00024032VALENTINE                  ,NE   37.8   40.9   51.6   61.2   72.0   83.0   90.4   88.4   79.8   64.5   50.6   39.4   63.3
USW00024121ELKO                       ,NV   37.9   42.8   53.1   59.6   70.0   81.5   91.8   90.0   80.1   65.5   49.9   38.0   63.4
USW00023154ELY                        ,NV   41.0   43.8   52.4   58.9   68.9   81.1   89.4   87.3   78.0   64.5   50.9   40.8   63.1
USW00023169LAS VEGAS                  ,NV   58.5   62.9   71.1   78.5   88.5   99.4  104.5  102.8   94.9   81.2   67.1   56.9   80.5
USW00023185RENO                       ,NV   47.7   52.1   59.2   64.7   74.1   84.6   93.9   92.1   83.8   70.4   56.7   46.7   68.8
USW00024128WINNEMUCCA                 ,NV   44.0   49.4   57.7   63.5   73.7   84.7   95.5   93.2   83.3   68.7   53.8   42.9   67.5
USW00014745CONCORD                    ,NH   31.6   34.8   43.6   57.5   69.3   77.8   83.0   81.7   73.7   60.9   48.4   37.1   58.3
USW00014755MT. WASHINGTON             ,NH   14.9   14.8   20.8   30.7   42.5   51.4   55.3   54.2   49.1   37.7   28.4   20.1   35.0
USW00093730ATLANTIC CITY              ,NJ   43.2   45.8   52.6   63.3   72.5   81.5   86.6   84.8   78.5   67.7   57.1   48.1   65.1
USW00014734NEWARK                     ,NJ   40.0   43.0   50.9   62.6   72.6   81.8   86.9   84.7   77.7   66.0   54.9   44.8   63.8
USW00023050ALBUQUERQUE                ,NM   48.4   54.1   62.8   70.3   79.9   90.4   91.2   88.8   82.5   70.6   57.3   47.3   70.3
USW00023051CLAYTON                    ,NM   49.5   52.0   60.0   67.3   76.4   86.4   90.0   86.6   80.3   69.1   57.7   48.6   68.7
USW00023009ROSWELL                    ,NM   57.3   63.2   71.0   79.4   87.8   96.2   96.5   94.6   87.6   77.7   65.7   56.5   77.8
USW00014735ALBANY                     ,NY   32.8   36.0   45.3   59.2   71.2   79.4   83.9   82.0   74.4   61.6   49.3   38.2   59.4
USW00004725BINGHAMTON                 ,NY   29.5   32.2   40.7   54.2   66.2   74.0   78.4   76.7   69.5   57.1   45.1   34.3   54.8
USW00014733BUFFALO                    ,NY   32.1   33.3   41.8   54.7   67.4   75.6   80.2   79.0   72.3   59.6   47.8   37.2   56.8
USW00004781ISLIP                      ,NY   39.2   41.0   47.7   58.3   68.3   77.2   82.8   81.4   74.8   64.1   53.6   44.4   61.1
USW00014768ROCHESTER                  ,NY   33.4   35.2   43.6   56.6   69.4   77.9   82.5   80.5   73.6   61.2   49.1   38.5   58.5
USW00014771SYRACUSE                   ,NY   31.7   33.6   42.4   56.4   69.2   77.3   81.7   80.3   73.1   60.1   48.3   37.1   57.6
USW00003812ASHEVILLE                  ,NC   48.9   52.9   59.8   69.4   76.3   82.5   85.3   84.0   78.7   69.6   59.5   51.5   68.2
USW00093729CAPE HATTERAS              ,NC   55.4   56.7   61.4   69.4   76.7   84.0   87.3   87.0   83.0   75.0   65.8   59.3   71.8
USW00013881CHARLOTTE                  ,NC   52.3   56.6   64.2   73.2   80.1   86.9   90.3   88.6   82.8   73.3   62.9   54.9   72.2
USW00013723GREENSBORO-WNSTN-SALM-HGHPT,NC   49.3   53.3   61.3   71.0   78.0   85.2   88.5   86.6   80.4   71.0   60.6   52.0   69.8
USW00013722RALEIGH                    ,NC   51.9   55.8   63.3   72.7   80.0   87.4   90.8   88.7   82.5   73.0   63.0   54.7   72.0
USW00013748WILMINGTON                 ,NC   57.2   60.3   66.5   74.6   81.1   87.0   90.0   88.3   83.9   76.1   67.4   60.3   74.4
USW00024011BISMARCK                   ,ND   23.2   27.8   41.0   56.0   68.3   77.9   84.7   83.5   73.4   57.1   40.6   27.7   55.1
USW00014914FARGO                      ,ND   18.2   22.7   36.3   54.1   68.7   78.1   82.1   80.7   72.0   55.8   38.1   24.0   52.6
USW00014916GRAND FORKS                ,ND   15.8   20.5   33.9   52.0   66.9   76.4   80.7   79.8   70.4   53.9   35.7   21.4   50.6
USW00094014WILLISTON                  ,ND   22.1   26.7   40.1   55.6   67.4   76.7   84.5   83.9   72.6   55.9   38.4   26.1   54.2
USW00014895AKRON                      ,OH   35.5   38.6   48.4   61.8   72.3   80.4   84.3   82.7   75.9   63.4   50.7   39.9   61.2
USW00093814CINCINNATI                 ,OH   39.6   43.7   53.5   65.5   74.5   82.6   86.0   85.2   78.9   66.7   53.8   43.3   64.4
USW00014820CLEVELAND                  ,OH   35.8   38.5   47.1   60.1   71.1   79.8   83.7   82.0   75.6   63.7   51.3   40.4   60.8
USW00014821COLUMBUS                   ,OH   37.1   40.8   51.1   64.1   74.1   82.2   85.4   84.1   77.8   65.5   52.3   41.5   63.0
USW00093815DAYTON                     ,OH   37.1   41.2   51.5   64.5   74.2   82.6   85.9   84.6   78.6   66.2   52.7   41.5   63.4
USW00014891MANSFIELD                  ,OH   34.0   37.0   46.9   60.4   71.1   79.4   82.8   81.2   75.0   62.8   49.6   38.6   59.9
USW00094830TOLEDO                     ,OH   34.7   37.8   48.4   61.5   73.3   82.7   86.5   84.1   77.7   65.0   51.1   39.4   61.9
USW00014852YOUNGSTOWN                 ,OH   34.3   37.3   46.6   60.3   70.9   78.8   82.7   81.1   74.3   62.1   49.6   38.7   59.7
USW00013967OKLAHOMA CITY              ,OK   49.3   53.8   62.9   71.1   78.9   87.5   93.1   92.2   83.9   72.8   60.7   50.4   71.4
USW00013968TULSA                      ,OK   48.9   54.0   63.3   72.1   79.7   88.4   93.6   93.0   84.8   73.6   61.4   50.9   72.0
USW00094224ASTORIA                    ,OR   49.4   50.9   53.0   55.9   60.5   64.0   67.4   68.7   67.6   60.7   53.6   48.7   58.4
USW00094185BURNS                      ,OR   36.7   41.7   51.1   58.1   68.2   76.7   88.7   87.2   78.2   63.1   47.3   36.4   61.1
USW00024221EUGENE                     ,OR   48.1   51.5   56.6   61.3   68.1   74.2   84.0   84.3   78.0   64.9   53.2   46.8   64.3
USW00024225MEDFORD                    ,OR   48.2   54.2   59.4   64.6   73.9   81.5   91.6   91.1   84.3   70.1   54.0   46.1   68.3
USW00024155PENDLETON                  ,OR   41.7   46.4   55.0   61.8   70.9   78.4   89.2   87.6   78.0   63.5   49.1   40.8   63.5
USW00024229PORTLAND                   ,OR   47.5   51.5   56.8   62.0   69.3   74.3   81.9   82.3   76.7   64.4   53.5   46.9   63.9
USW00024232SALEM                      ,OR   48.4   52.1   56.8   61.6   69.0   74.6   83.5   83.6   77.5   64.8   53.6   47.4   64.4
USW00024235SEXTON SUMMIT              ,OR   43.1   43.7   46.3   51.8   61.0   67.7   76.7   76.7   70.4   58.3   46.7   41.3   57.0
USW00014737ALLENTOWN                  ,PA   38.4   41.6   50.8   63.4   73.5   81.9   86.4   84.3   77.4   65.5   53.8   43.1   63.3
USW00014860ERIE                       ,PA   35.2   36.5   44.3   56.8   68.3   77.1   81.1   79.9   73.7   62.3   50.5   40.2   58.8
USW00014711MIDDLETOWN/HARRISBURG      ,PA   38.6   42.0   51.3   63.8   73.7   82.4   86.8   84.7   77.6   65.7   53.9   43.3   63.6
USW00013739PHILADELPHIA               ,PA   41.3   44.3   52.8   64.7   74.4   83.2   87.8   85.8   78.9   67.2   55.9   46.0   65.2
USW00094823PITTSBURGH                 ,PA   36.3   39.6   49.1   62.4   71.9   79.4   82.9   81.7   75.1   63.1   50.9   40.6   61.1
USW00014777AVOCA                      ,PA   35.7   38.8   47.6   61.1   72.2   79.9   84.6   82.4   75.1   63.1   51.2   40.3   61.0
USW00014778WILLIAMSPORT               ,PA   35.3   38.7   48.4   61.7   72.4   80.5   84.8   82.7   75.2   63.1   50.6   39.7   61.1
USW00014765PROVIDENCE                 ,RI   38.3   40.5   47.7   58.9   68.9   77.7   83.6   82.2   74.8   63.8   53.2   43.4   61.1
USW00013782CHARLESTON                 ,SC   58.0   60.3   65.6   72.3   79.0   84.3   87.5   86.4   82.6   75.6   67.1   60.9   73.3
USW00013883COLUMBIA                   ,SC   56.8   60.8   68.3   76.7   83.8   89.7   92.7   90.8   85.7   76.5   66.4   58.9   75.6
USW00003870GREENVILLE-SPARTANBURG     ,SC   52.8   57.0   64.4   73.2   80.3   87.2   90.3   88.5   82.7   73.1   62.9   54.9   72.3
USW00014929ABERDEEN                   ,SD   23.7   28.6   41.7   57.6   70.4   80.2   84.9   82.9   74.9   59.3   42.5   28.7   56.3
USW00014936HURON                      ,SD   25.8   30.8   43.7   57.9   70.0   80.0   85.7   83.4   75.7   60.2   43.9   30.2   57.3
USW00024090RAPID CITY                 ,SD   36.0   38.1   48.2   56.6   66.5   77.6   86.4   85.4   76.1   60.4   47.3   37.2   59.6
USW00014944SIOUX FALLS                ,SD   27.2   32.0   45.0   59.0   70.8   80.9   85.3   82.8   75.6   61.1   45.0   31.6   58.0
USW00013877BRISTOL-JHNSN CTY-KNGSPRT  ,TN   46.5   50.9   59.4   69.4   77.1   83.8   86.4   85.8   80.7   70.2   58.7   49.5   68.2
USW00013882CHATTANOOGA                ,TN   51.0   55.6   64.1   73.6   81.0   87.6   90.5   89.8   84.3   74.1   62.0   53.2   72.2
USW00013891KNOXVILLE                  ,TN   48.2   52.8   61.4   71.2   78.9   85.7   88.4   87.8   82.5   71.7   60.0   51.0   70.0
USW00013893MEMPHIS                    ,TN   50.9   55.5   64.2   73.4   81.7   89.4   91.9   91.5   86.0   75.1   62.6   53.4   73.0
USW00013897NASHVILLE                  ,TN   49.1   53.8   62.7   72.6   80.4   87.7   90.9   90.4   84.4   73.5   61.4   52.2   71.6
USW00003841OAK RIDGE                  ,TN   46.6   51.4   60.7   70.4   77.7   84.0   87.0   86.6   81.0   71.0   58.9   49.3   68.7
USW00013962ABILENE                    ,TX   58.8   62.8   70.9   79.2   86.3   92.8   96.4   96.0   88.7   79.3   67.8   59.4   78.2
USW00023047AMARILLO                   ,TX   52.2   56.1   64.8   72.4   80.9   89.7   92.9   91.0   84.0   73.0   61.3   51.9   72.5
USW00013958AUSTIN                     ,TX   62.5   66.5   73.3   80.3   86.9   93.2   96.6   97.8   91.4   82.5   71.5   63.9   80.5
USW00012919BROWNSVILLE                ,TX   72.6   76.2   80.6   85.7   90.3   94.0   95.0   96.3   92.2   87.3   80.3   74.2   85.4
USW00012924CORPUS CHRISTI             ,TX   67.9   71.9   76.7   82.6   87.3   91.6   93.7   95.0   90.8   84.9   76.1   69.6   82.3
USW00013960DALLAS                     ,TX   57.7   62.0   69.9   77.4   84.9   92.7   96.9   97.1   90.0   79.5   67.8   59.2   77.9
USW00022010DEL RIO                    ,TX   65.4   70.7   78.0   85.2   91.2   96.4   98.5   98.8   92.2   83.7   72.6   65.5   83.2
USW00023044EL PASO                    ,TX   58.6   64.1   71.9   80.0   88.7   97.1   95.8   94.0   88.3   79.4   67.0   57.8   78.6
USW00012923GALVESTON                  ,TX   63.2   66.4   72.0   78.0   84.0   89.5   91.3   92.0   88.7   82.1   72.4   65.5   78.8
USW00012960HOUSTON                    ,TX   63.8   67.8   74.0   80.1   86.9   92.3   94.5   94.9   90.4   82.8   72.6   65.3   80.5
USW00023042LUBBOCK                    ,TX   55.0   59.7   67.8   76.0   84.2   91.6   93.4   92.2   84.9   75.5   63.8   55.1   74.9
USW00023023MIDLAND-ODESSA             ,TX   58.6   63.6   71.9   80.5   88.5   95.0   95.8   94.8   87.6   79.0   67.1   59.2   78.5
USW00012917PORT ARTHUR                ,TX   63.5   67.3   73.2   79.0   85.7   90.9   92.6   93.1   89.5   82.1   72.3   65.5   79.6
USW00023034SAN ANGELO                 ,TX   61.1   65.4   73.1   81.7   88.7   94.4   97.4   96.7   89.4   80.5   69.2   62.0   80.0
USW00012921SAN ANTONIO                ,TX   63.3   67.5   73.8   80.3   86.6   92.4   94.9   96.0   90.1   82.2   71.7   64.7   80.3
USW00012912VICTORIA                   ,TX   65.2   69.1   75.0   80.8   86.8   92.3   94.6   95.5   90.7   84.1   74.1   67.3   81.3
USW00013959WACO                       ,TX   59.1   63.1   70.2   77.9   85.3   92.7   96.7   97.1   90.8   80.7   68.8   60.4   78.6
USW00013966WICHITA FALLS              ,TX   54.7   59.0   67.9   76.0   83.9   92.0   97.2   96.6   88.3   77.3   65.2   55.7   76.2
USW00024127SALT LAKE CITY             ,UT   38.6   44.7   55.3   61.9   72.6   84.1   94.0   91.7   80.6   65.5   50.7   39.0   64.9
USW00014742BURLINGTON                 ,VT   28.9   31.5   40.9   55.3   69.0   77.6   82.4   80.7   72.6   58.9   46.4   35.0   56.6
USW00013733LYNCHBURG                  ,VA   46.0   49.6   58.2   68.8   75.9   83.2   86.9   85.2   78.9   68.9   58.2   49.0   67.4
USW00013737NORFOLK                    ,VA   50.7   53.4   60.1   70.0   77.4   85.2   89.4   86.9   81.4   72.3   62.1   54.7   70.3
USW00013740RICHMOND                   ,VA   47.8   51.6   59.6   70.4   77.8   85.6   89.5   87.5   81.2   70.9   60.4   51.5   69.5
USW00013741ROANOKE                    ,VA   47.1   50.8   59.0   69.7   77.2   84.4   88.1   86.5   80.0   70.1   59.0   50.0   68.5
USW00093739WALLOPS ISLAND             ,VA   46.2   48.5   54.5   64.3   72.7   81.3   86.1   84.2   78.7   69.1   58.8   50.5   66.2
USW00024227OLYMPIA                    ,WA   46.0   49.1   53.7   58.9   66.1   70.8   77.6   78.0   72.1   60.2   50.6   44.9   60.7
USW00094240QUILLAYUTE                 ,WA   47.5   49.1   51.2   54.8   60.0   63.3   67.6   68.9   66.7   58.7   51.2   46.7   57.1
USW00024233SEATTLE                    ,WA   48.0   50.3   54.2   59.3   66.3   71.1   77.4   77.6   71.6   60.5   52.1   47.0   61.3
USW00024157SPOKANE                    ,WA   34.5   39.5   48.6   56.9   67.1   73.7   84.4   83.8   73.6   57.7   42.3   33.8   58.0
USW00024160WALLA WALLA                ,WA   41.9   46.5   55.8   62.5   71.4   79.0   90.1   88.6   78.5   63.4   49.2   41.0   64.0
USW00024243YAKIMA                     ,WA   39.5   47.2   56.6   64.7   74.1   80.7   89.9   88.5   79.4   64.4   48.9   38.2   64.3
USW00003872BECKLEY                    ,WV   40.5   44.2   52.5   64.4   71.5   77.8   80.7   79.9   74.4   64.3   53.2   43.9   62.3
USW00013866CHARLESTON                 ,WV   43.9   47.8   56.8   69.4   76.2   83.1   86.0   85.2   79.5   68.7   57.3   47.5   66.8
USW00013729ELKINS                     ,WV   41.5   45.1   53.5   65.6   73.4   80.2   83.2   82.1   76.6   66.3   54.8   45.2   64.0
USW00003860HUNTINGTON                 ,WV   43.2   47.3   56.8   68.8   76.2   83.3   86.4   85.5   79.6   68.6   56.6   46.7   66.6
USW00014898GREEN BAY                  ,WI   25.5   29.0   40.4   53.8   67.1   76.6   81.0   78.9   71.7   58.0   43.5   31.1   54.7
USW00014920LA CROSSE                  ,WI   27.4   32.5   45.6   59.6   72.0   81.7   85.4   83.2   75.5   61.6   45.8   32.6   58.6
USW00014837MADISON                    ,WI   27.0   31.2   43.6   56.9   69.0   78.6   82.1   79.9   72.9   59.6   44.8   32.3   56.5
USW00014839MILWAUKEE                  ,WI   30.9   34.2   44.2   54.7   66.5   76.8   81.9   80.3   73.5   61.3   47.8   36.1   57.3
USW00024089CASPER                     ,WY   35.2   37.8   48.8   56.3   66.8   79.6   89.0   86.7   75.6   59.7   45.9   34.7   59.7
USW00024018CHEYENNE                   ,WY   40.0   40.6   49.1   54.8   64.4   76.7   84.1   82.0   73.3   59.1   47.5   39.3   59.2
USW00024021LANDER                     ,WY   32.8   36.6   48.6   56.2   66.1   78.0   87.7   85.8   74.6   58.9   44.3   32.9   58.5
USW00024029SHERIDAN                   ,WY   36.3   38.4   49.0   56.7   66.1   76.9   87.8   86.6   75.6   59.9   46.7   36.7   59.7
GQW00041415GUAM                       ,PC   85.7   85.7   86.7   87.9   88.5   88.5   87.7   87.0   87.0   87.2   87.4   86.6   87.2
PSW00040309KOROR                      ,PC   88.3   88.1   88.8   89.4   89.2   88.5   87.6   87.4   87.8   88.4   89.2   88.6   88.4
RMW00040604KWAJALEIN- MARSHALL IS.    ,PC   85.8   86.0   86.5   86.8   87.0   86.9   86.8   87.1   87.4   87.1   86.6   86.1   86.7
RMW00040710MAJURO- MARSHALL IS        ,PC   85.7   85.9   86.0   86.1   86.3   86.3   86.6   86.7   86.9   86.8   86.5   86.0   86.3
AQW00061705PAGO PAGO- AMER SAMOA      ,PC   87.8   88.1   88.4   87.8   86.5   85.3   84.6   84.8   85.7   86.4   87.0   87.6   86.7
FMW00040504POHNPEI- CAROLINE IS.      ,PC   86.8   87.0   87.4   87.6   87.7   87.9   88.6   89.3   89.4   89.2   88.5   87.2   88.1
FMW00040505CHUUK- E. CAROLINE IS.     ,PC   86.5   86.4   87.0   87.4   87.6   87.4   87.5   87.3   87.4   87.7   87.5   86.8   87.2
FMW00040308YAP- W CAROLINE IS.        ,PC   87.1   87.1   87.9   88.6   88.9   88.5   87.8   87.5   87.7   88.1   88.0   87.4   87.9
RQW00011641SAN JUAN                   ,PR   83.2   83.8   84.7   86.2   87.4   89.0   88.7   89.1   89.2   88.6   86.1   84.2   86.7
