NORMALS 1991-2020                            JAN    FEB    MAR    APR    MAY    JUN    JUL    AUG    SEP    OCT    NOV    DEC    ANN
USW00013876BIRMINGHAM                 ,AL   44.7   48.8   56.0   63.6   71.5   78.3   81.5   80.9   75.6   64.9   54.0   47.4   63.9
USW00003856HUNTSVILLE                 ,AL   42.7   46.7   54.2   62.9   71.3   78.6   81.3   80.5   74.9   63.9   52.5   45.5   62.9
USW00013894MOBILE                     ,AL   51.1   55.0   60.9   66.9   74.4   80.1   82.0   81.9   78.1   69.0   58.9   53.3   67.6
USW00013895MONTGOMERY                 ,AL   48.1   52.6   59.2   65.7   73.6   80.2   82.9   82.5   77.8   67.4   56.6   50.2   66.4
USW00026451ANCHORAGE                  ,AK   16.9   21.3   25.8   37.5   48.1   55.9   59.6   57.5   49.3   36.3   23.6   19.4   37.6
USW00025308ANNETTE                    ,AK   37.7   38.3   40.1   45.4   51.7   56.4   59.7   60.0   55.1   47.9   41.7   38.3   47.7
USW00027502BARROW                     ,AK  -11.5  -11.9  -10.5    4.0   22.7   36.0   41.7   39.8   33.7   21.2    5.7   -6.3   13.7
USW00026615BETHEL                     ,AK    6.9   13.3   14.5   29.0   43.0   53.3   56.3   53.9   46.1   32.2   18.5   10.0   31.4
USW00026533BETTLES                    ,AK  -10.6   -3.4    3.7   24.6   45.0   58.6   59.8   52.7   41.2   21.3    0.3   -6.0   23.9
USW00026415BIG DELTA                  ,AK   -1.0    7.3   14.2   33.9   48.5   58.5   60.7   55.6   44.8   26.5    8.2    2.4   30.0
USW00025624COLD BAY                   ,AK   28.4   30.2   29.9   35.0   41.0   47.1   51.5   52.6   48.4   41.3   35.3   30.8   39.3
USW00026411FAIRBANKS                  ,AK   -8.3    0.2   10.7   33.7   50.3   61.0   62.9   57.0   45.8   26.2    4.1   -4.3   28.3
USW00026425GULKANA                    ,AK   -3.4    5.6   14.7   32.6   45.8   54.9   57.9   53.5   43.6   27.1    6.8    -.2   28.2
USW00025507HOMER                      ,AK   25.4   28.3   30.1   38.7   46.0   52.0   56.1   55.3   49.5   40.2   31.2   27.7   40.0
USW00025309JUNEAU                     ,AK   28.5   30.1   32.9   40.8   49.0   54.6   57.0   56.0   50.1   42.2   33.8   30.3   42.1
USW00025503KING SALMON                ,AK   16.6   22.1   23.5   36.0   45.6   52.8   56.7   55.7   48.7   36.4   25.0   18.6   36.5
USW00025501KODIAK                     ,AK   31.2   32.4   33.2   39.1   45.8   51.4   56.2   56.5   50.6   42.2   35.7   31.9   42.2
USW00026616KOTZEBUE                   ,AK   -1.9    1.4    1.5   16.3   33.1   47.5   55.3   52.1   43.1   26.9   10.8    2.4   24.0
USW00026510MCGRATH                    ,AK   -5.8    4.5   11.9   32.2   48.4   58.7   60.8   55.9   46.0   28.4    8.0   -2.3   28.9
USW00026617NOME                       ,AK    5.6    9.0    9.6   22.7   37.3   48.3   52.0   50.2   43.1   30.4   18.2    9.1   28.0
USW00025713ST. PAUL ISLAND            ,AK   25.3   25.3   25.1   30.1   36.6   43.1   47.9   49.5   46.0   39.5   33.9   28.9   35.9
USW00026528TALKEETNA                  ,AK   13.6   18.8   23.5   36.2   47.7   57.0   60.1   56.5   47.5   34.2   20.6   15.6   35.9
USW00026442VALDEZ                     ,AK   23.9   26.7   29.9   39.2   47.7   54.4   56.6   54.5   48.3   39.5   29.4   26.2   39.7
USW00025339YAKUTAT                    ,AK   28.6   30.6   31.9   38.6   45.6   51.9   55.4   54.7   49.4   41.9   33.7   30.8   41.1
USW00003103FLAGSTAFF                  ,AZ   30.5   32.6   38.0   43.7   51.3   60.8   66.7   64.9   58.3   47.6   37.5   30.0   46.8
USW00023183PHOENIX                    ,AZ   56.8   59.9   66.3   73.2   82.0   91.4   95.5   94.4   89.2   77.4   65.1   55.8   75.6
USW00023160TUCSON                     ,AZ   53.6   56.2   61.9   68.1   76.8   86.1   88.2   86.9   82.8   72.6   61.5   53.0   70.6
USW00023194WINSLOW                    ,AZ   35.9   41.0   48.2   54.9   63.7   73.8   79.1   77.1   69.7   57.1   44.6   35.2   56.7
USW00013964FORT SMITH                 ,AR   40.4   45.0   53.5   62.1   70.4   78.8   83.1   82.3   74.8   63.5   51.7   42.8   62.4
USW00013963LITTLE ROCK                ,AR   40.7   44.7   52.7   61.4   69.9   78.0   81.4   80.8   74.0   62.6   51.1   43.0   61.7
USW00023155BAKERSFIELD                ,CA   49.5   53.8   58.6   63.3   71.1   78.7   84.8   83.4   78.2   67.7   56.3   49.2   66.2
USW00023157BISHOP                     ,CA   39.9   42.9   49.2   55.2   63.5   72.5   78.2   76.0   68.6   57.5   45.6   38.3   57.3
USW00023225BLUE CANYON                ,CA   40.4   39.0   41.5   44.8   53.1   62.1   70.2   69.8   65.1   55.5   45.1   39.2   52.2
USW00093193FRESNO                     ,CA   48.0   52.3   57.4   62.3   70.2   77.6   83.5   82.2   77.1   66.7   55.1   47.5   65.0
USW00023129LONG BEACH                 ,CA   57.1   57.6   59.9   62.7   65.5   68.7   73.1   74.3   73.1   68.4   62.0   56.7   64.9
USW00093134LOS ANGELES                ,CA   58.4   59.0   61.1   63.6   65.9   69.3   73.3   74.7   73.6   69.3   63.0   57.8   65.8
USW00024257REDDING                    ,CA   47.5   50.5   54.4   59.4   68.2   77.1   83.4   81.0   75.3   64.8   52.9   46.6   63.4
USW00023232SACRAMENTO                 ,CA   47.6   51.4   55.4   59.5   66.1   72.2   75.9   75.3   72.5   64.5   53.9   47.3   61.8
USW00023188SAN DIEGO                  ,CA   58.4   59.0   60.7   62.9   64.8   67.2   70.7   72.4   71.7   68.1   62.7   57.9   64.7
USW00023272SAN FRANCISCO              ,CA   52.2   54.2   55.5   56.4   57.8   59.7   60.3   61.7   62.9   62.1   57.2   52.5   57.7
USW00023190SANTA BARBARA              ,CA   52.8   53.7   56.1   58.0   60.3   62.4   65.7   66.2   65.0   62.1   56.7   52.3   59.3
USW00023273SANTA MARIA                ,CA   52.8   53.6   55.3   56.7   59.0   61.5   64.1   64.5   64.3   62.2   57.1   52.2   58.6
USW00023237STOCKTON                   ,CA   48.0   52.1   56.4   60.9   67.7   74.0   78.1   77.3   73.9   65.5   54.7   47.7   63.0
USW00023061ALAMOSA                    ,CO   16.8   24.3   35.2   42.6   51.7   60.6   65.3   63.2   55.9   43.8   30.3   18.1   42.3
USW00093037COLORADO SPRINGS           ,CO   31.7   33.4   41.1   47.5   57.1   67.2   72.4   70.1   63.0   50.7   39.5   31.7   50.5
USW00023062DENVER                     ,CO   32.1   33.4   41.8   48.1   57.6   68.5   74.8   72.5   64.2   51.2   40.2   31.8   51.4
USW00023066GRAND JUNCTION             ,CO   27.7   35.3   45.0   51.9   62.0   73.0   79.2   76.3   67.1   53.2   39.6   28.4   53.2
USW00093058PUEBLO                     ,CO   31.9   35.1   43.9   51.3   61.4   71.8   77.2   74.8   66.6   52.8   40.5   31.7   53.3
USW00094702BRIDGEPORT                 ,CT   31.4   33.1   39.9   50.0   60.0   69.6   75.7   74.5   67.6   56.4   46.0   37.0   53.4
USW00014740HARTFORD                   ,CT   27.1   29.6   37.8   49.5   60.0   68.9   74.3   72.5   64.8   53.0   42.3   32.6   51.0
USW00013781WILMINGTON                 ,DE   33.5   35.5   43.2   53.9   63.5   72.6   77.6   75.8   68.9   57.2   46.6   38.2   55.5
USW00093738WASHINGTON DULLES          ,DC   33.9   36.4   44.2   55.0   64.0   72.5   77.2   75.7   68.6   56.6   46.0   37.7   55.7
USW00013743WASHINGTON NAT'L           ,DC   37.5   40.0   47.6   58.2   67.2   76.3   81.0   79.4   72.4   60.8   49.9   41.7   59.3
USW00012834DAYTONA BEACH              ,FL   58.8   61.4   65.2   70.2   75.6   80.2   81.9   81.9   80.1   74.4   67.0   61.8   71.5
USW00012835FORT MYERS                 ,FL   64.7   67.3   70.3   74.8   79.3   82.3   83.2   83.4   82.2   78.0   71.5   67.3   75.4
USW00012816GAINESVILLE                ,FL   54.8   58.4   62.7   68.5   75.0   79.9   81.4   81.3   78.8   71.4   62.7   57.3   69.3
USW00013889JACKSONVILLE               ,FL   54.2   57.5   62.4   68.1   74.9   80.3   82.5   82.1   78.8   71.2   62.3   56.7   69.3
USW00012836KEY WEST                   ,FL   70.6   72.3   74.4   77.9   81.1   84.1   85.4   85.5   84.1   81.3   76.6   73.0   78.9
USW00012839MIAMI                      ,FL   68.6   70.7   73.1   76.7   80.1   82.8   84.1   84.2   83.0   80.1   74.8   71.2   77.5
USW00012815ORLANDO                    ,FL   60.6   63.6   67.3   72.2   77.3   81.2   82.6   82.6   81.0   75.5   68.2   63.3   73.0
USW00013899PENSACOLA                  ,FL   53.2   56.8   62.3   68.3   76.0   81.7   83.5   83.0   80.0   71.3   61.4   55.5   69.4
USW00093805TALLAHASSEE                ,FL   52.2   55.6   61.4   67.3   75.2   80.8   82.5   82.4   79.1   70.3   60.2   54.4   68.5
USW00012842TAMPA                      ,FL   62.0   64.7   68.6   73.9   79.5   82.9   83.8   84.0   82.7   77.4   69.8   64.9   74.5
USW00012843VERO BEACH                 ,FL   62.8   65.0   68.0   72.1   76.7   80.6   81.9   82.1   80.9   76.9   70.4   65.7   73.6
USW00012844WEST PALM BEACH            ,FL   66.3   68.4   71.1   74.9   78.7   81.7   83.1   83.2   81.9   78.7   73.0   69.0   75.8
USW00013873ATHENS                     ,GA   44.3   47.9   54.9   62.3   70.5   77.7   81.0   79.8   73.9   63.5   53.3   46.5   63.0
USW00013874ATLANTA                    ,GA   44.8   48.5   55.6   63.2   71.2   77.9   80.9   80.2   74.9   64.7   54.2   47.3   63.6
USW00003820AUGUSTA                    ,GA   47.4   50.8   57.5   64.6   72.7   79.7   82.8   81.8   76.4   66.0   55.6   49.4   65.4
USW00093842COLUMBUS                   ,GA   48.5   52.3   58.9   65.8   74.1   80.4   83.2   82.4   77.6   67.6   57.3   50.6   66.6
USW00003813MACON                      ,GA   47.6   51.2   57.7   64.5   72.9   79.5   82.5   81.4   76.2   66.0   55.8   49.5   65.4
USW00003822SAVANNAH                   ,GA   50.7   54.0   60.0   66.7   74.1   80.1   83.0   82.1   77.7   68.8   59.1   53.2   67.5
USW00021504HILO                       ,HI   71.4   71.2   71.9   72.5   74.0   75.2   76.3   76.6   76.5   75.7   74.0   72.2   74.0
USW00022521HONOLULU                   ,HI   73.6   73.8   74.7   76.6   78.2   80.3   81.6   82.2   81.6   80.4   78.0   75.5   78.0
USW00022516KAHULUI                    ,HI   72.9   73.0   74.0   75.5   77.1   79.3   80.5   81.1   80.6   79.4   77.1   74.6   77.1
USW00022536LIHUE                      ,HI   72.3   72.2   72.9   74.6   76.3   78.3   79.6   80.2   80.0   78.7   76.2   73.9   76.3
USW00024131BOISE                      ,ID   32.2   37.5   45.2   50.9   59.9   67.8   77.3   75.8   66.3   53.2   40.3   32.1   53.2
USW00024149LEWISTON                   ,ID   36.2   39.3   45.4   51.5   60.0   66.5   75.8   75.2   65.9   52.5   41.6   35.2   53.8
USW00024156POCATELLO                  ,ID   25.6   29.7   39.1   45.7   54.2   62.2   70.8   69.3   59.7   47.1   34.9   25.8   47.0
USW00094846CHICAGO                    ,IL   25.2   28.8   39.0   49.7   60.6   70.6   75.4   73.8   66.3   54.0   41.3   30.5   51.3
USW00014923MOLINE                     ,IL   23.3   27.7   39.7   51.4   62.5   72.1   75.5   73.4   66.1   53.7   40.4   28.9   51.2
USW00014842PEORIA                     ,IL   25.6   30.0   41.4   52.9   63.5   72.8   76.3   74.5   67.4   54.9   41.9   30.9   52.7
USW00094822ROCKFORD                   ,IL   21.8   25.6   37.3   49.1   60.4   70.1   73.8   71.9   64.4   52.0   38.8   27.3   49.4
USW00093822SPRINGFIELD                ,IL   27.9   32.4   43.2   54.4   65.1   73.7   76.5   74.9   68.0   56.0   43.5   32.9   54.0
USW00093817EVANSVILLE                 ,IN   33.6   37.6   46.6   57.2   66.9   75.5   78.7   77.3   70.3   58.6   46.3   37.5   57.2
USW00014827FORT WAYNE                 ,IN   25.5   28.7   38.6   50.2   61.3   70.7   73.8   71.6   64.8   53.2   41.1   30.9   50.9
USW00093819INDIANAPOLIS               ,IN   28.5   32.5   42.4   53.6   63.6   72.5   75.8   74.7   67.8   55.5   43.3   33.3   53.6
USW00014848SOUTH BEND                 ,IN   24.1   27.1   36.7   48.1   59.1   68.8   72.4   70.7   63.7   52.0   39.8   29.6   49.3
USW00014933DES MOINES                 ,IA   22.3   26.9   39.4   51.3   62.4   72.2   76.0   73.9   66.2   53.2   39.3   27.7   50.9
USW00094908DUBUQUE                    ,IA   18.8   22.9   35.2   47.4   58.8   68.5   71.7   69.8   62.3   49.9   36.4   24.5   47.2
USW00014943SIOUX CITY                 ,IA   20.0   24.5   36.7   48.9   60.5   70.7   74.2   71.7   63.9   50.3   35.9   24.1   48.4
USW00094910WATERLOO                   ,IA   19.4   23.9   36.7   49.4   61.5   71.5   74.5   71.9   64.6   51.6   37.4   25.3   49.0
USW00013984CONCORDIA                  ,KS   28.8   32.8   43.5   53.1   63.5   74.4   78.9   76.4   68.5   55.6   42.1   31.5   54.1
USW00013985DODGE CITY                 ,KS   33.0   36.2   45.4   54.3   64.8   75.1   80.1   78.1   70.0   56.8   43.7   33.9   55.9
USW00023065GOODLAND                   ,KS   30.2   32.3   41.4   49.3   59.6   70.7   76.1   73.6   65.3   51.8   39.6   30.8   51.7
USW00013996TOPEKA                     ,KS   30.2   34.9   45.6   55.5   65.7   75.5   79.8   77.9   69.2   57.0   44.2   33.9   55.8
USW00003928WICHITA                    ,KS   33.2   37.6   47.4   56.5   66.7   76.9   81.5   79.9   71.7   59.0   45.8   35.6   57.7
USW00003889JACKSON                    ,KY   35.8   39.7   47.8   58.2   65.6   72.6   75.7   74.9   69.1   58.7   48.1   39.7   57.2
USW00093820LEXINGTON                  ,KY   33.9   37.5   45.9   56.2   65.4   73.3   76.7   75.7   69.1   57.8   46.1   37.8   56.3
USW00093821LOUISVILLE                 ,KY   35.7   39.5   48.4   59.0   68.3   76.4   79.9   78.9   72.0   60.3   48.5   39.6   58.9
USW00003816PADUCAH                    ,KY   36.0   40.1   49.0   59.0   68.4   76.5   79.7   78.2   71.0   59.7   48.0   39.5   58.8
USW00013970BATON ROUGE                ,LA   52.0   55.9   62.0   68.0   75.5   81.0   82.9   82.8   78.8   69.5   59.4   53.8   68.5
USW00003937LAKE CHARLES               ,LA   53.2   56.9   63.1   69.1   76.4   82.1   83.9   84.0   80.1   71.3   61.4   55.3   69.7
USW00012916NEW ORLEANS                ,LA   54.3   58.0   63.8   70.1   77.1   82.4   83.9   84.0   80.8   72.5   62.4   56.6   70.5
USW00013957SHREVEPORT                 ,LA   47.9   51.8   59.0   65.9   74.0   80.9   83.9   84.0   78.3   67.4   56.6   49.5   66.6
USW00014607CARIBOU                    ,ME   11.7   14.2   25.0   38.5   52.2   61.4   66.7   64.9   56.6   44.5   32.6   19.9   40.7
USW00014764PORTLAND                   ,ME   24.0   26.2   34.1   44.6   54.9   64.3   70.4   69.2   61.6   50.3   40.0   30.3   47.5
USW00093721BALTIMORE                  ,MD   34.3   36.6   44.3   55.0   64.4   73.5   78.3   76.2   69.2   57.4   46.9   38.6   56.2
USW00014739BOSTON                     ,MA   29.9   31.8   38.3   48.6   58.4   68.0   74.1   72.7   65.6   54.8   44.7   35.7   51.9
USW00094746WORCESTER                  ,MA   24.7   27.0   34.5   46.1   56.7   65.2   70.8   69.3   61.9   50.6   40.2   30.5   48.1
USW00094849ALPENA                     ,MI   20.0   20.7   29.3   41.2   53.4   63.2   68.2   66.6   59.0   47.4   36.6   26.6   44.4
USW00094847DETROIT                    ,MI   25.8   28.0   37.2   48.9   60.3   69.9   74.1   72.3   64.9   53.0   41.2   31.3   50.6
USW00014826FLINT                      ,MI   23.0   24.7   34.2   46.0   57.4   67.1   70.9   69.1   61.7   50.2   38.8   28.7   47.6
USW00094860GRAND RAPIDS               ,MI   24.8   26.6   35.7   47.6   59.2   68.9   72.8   71.1   63.5   51.5   40.0   30.4   49.3
USW00094814HOUGHTON LAKE              ,MI   19.1   20.3   29.7   42.2   54.7   63.9   67.8   65.8   58.3   46.8   35.5   25.6   44.1
USW00014836LANSING                    ,MI   23.9   25.9   35.2   47.0   58.4   68.0   71.8   70.0   62.5   50.8   39.5   29.5   48.5
USW00014840MUSKEGON                   ,MI   26.6   27.7   35.7   46.8   57.9   67.4   71.9   70.8   63.5   51.9   41.0   31.9   49.4
USW00014847SAULT STE. MARIE           ,MI   16.2   17.8   26.7   39.4   52.1   61.1   66.0   65.6   58.4   46.3   34.8   23.8   42.4
USW00014913DULUTH                     ,MN   11.2   15.4   27.0   39.5   52.0   61.2   67.0   65.5   57.2   44.1   29.8   17.1   40.6
USW00014918INTERNATIONAL FALLS        ,MN    5.0    9.5   23.6   38.1   51.1   60.8   64.9   62.8   54.2   41.1   26.3   11.8   37.4
USW00014922MINNEAPOLIS-ST.PAUL        ,MN   16.2   20.6   33.3   47.1   59.5   69.7   74.3   71.8   63.5   49.5   34.8   22.0   46.9
USW00014925ROCHESTER                  ,MN   14.7   18.7   31.7   45.2   57.6   67.5   70.5   68.2   61.1   47.9   33.6   20.8   44.8
USW00014926SAINT CLOUD                ,MN   11.8   16.1   29.2   43.3   56.2   66.0   70.3   67.7   59.5   45.7   30.9   17.8   42.9
USW00003940JACKSON                    ,MS   47.0   50.9   57.9   64.9   72.9   79.6   82.1   81.8   76.9   66.2   55.4   49.1   65.4
USW00013865MERIDIAN                   ,MS   47.7   51.7   58.5   65.4   73.3   80.0   82.7   82.2   77.3   66.6   55.8   49.9   65.9
USW00093862TUPELO                     ,MS   43.4   47.3   55.1   63.3   71.8   79.2   82.3   81.6   75.5   64.4   53.0   45.9   63.6
USW00003945COLUMBIA                   ,MO   31.0   35.7   46.0   56.4   65.8   74.6   78.5   77.2   69.2   57.5   45.3   35.2   56.0
USW00003947KANSAS CITY                ,MO   29.0   33.6   44.5   54.6   64.6   74.1   78.2   76.7   68.4   56.4   43.6   33.1   54.7
USW00013994ST. LOUIS                  ,MO   32.1   36.7   46.6   57.5   67.5   76.5   80.4   78.8   71.0   59.1   46.5   36.5   57.4
USW00013995SPRINGFIELD                ,MO   34.3   38.7   47.6   57.0   66.0   74.9   79.2   78.2   70.3   58.6   46.7   37.4   57.4
USW00024033BILLINGS                   ,MT   27.0   29.4   38.0   45.8   55.3   64.7   73.3   71.6   61.4   47.9   36.2   27.6   48.2
USW00094008GLASGOW                    ,MT   14.6   18.7   31.6   44.8   55.5   64.5   72.0   71.0   59.9   45.2   30.2   18.5   43.9
USW00024143GREAT FALLS                ,MT   25.2   26.2   34.1   42.4   51.5   59.4   67.9   66.7   57.2   44.8   33.6   26.0   44.6
USW00094012HAVRE                      ,MT   17.7   21.3   32.0   44.0   53.9   62.1   69.8   68.4   57.7   44.1   30.9   21.1   43.6
USW00024144HELENA                     ,MT   23.0   27.2   36.1   44.5   53.9   61.7   70.6   68.8   58.9   45.5   32.8   23.4   45.5
USC00244558KALISPELL                  ,MT   23.7   26.8   34.5   42.7   51.6   57.6   64.9   63.7   54.3   41.6   31.4   24.1   43.1
USW00024153MISSOULA                   ,MT   24.8   29.0   37.4   44.2   53.0   59.7   68.4   67.2   57.5   44.1   32.3   24.4   45.2
USW00014935GRAND ISLAND               ,NE   25.9   29.7   40.7   51.0   62.0   72.8   77.0   74.6   66.6   53.1   39.6   28.9   51.8
USW00014939LINCOLN                    ,NE   25.0   29.5   41.2   52.0   63.1   73.7   78.1   75.6   67.2   53.8   39.8   28.8   52.3
USW00014941NORFOLK                    ,NE   22.3   26.3   37.8   48.9   60.1   70.4   74.8   72.4   64.4   50.8   36.8   25.7   49.2
USW00024023NORTH PLATTE               ,NE   26.3   29.4   39.6   48.2   58.5   69.7   75.6   73.0   64.2   50.2   37.0   27.5   49.9
USW00014942OMAHA                      ,NE   24.4   28.9   41.0   52.6   63.6   73.9   78.1   75.7   67.6   54.4   40.2   28.7   52.4
USW00024028SCOTTSBLUFF                ,NE   28.3   30.8   39.9   47.5   57.7   68.7   75.3   73.0   63.5   49.3   37.2   28.0   49.9
USW00024032VALENTINE                  ,NE   24.5   27.6   37.6   47.2   58.1   69.0   75.7   73.6   64.2   49.3   36.2   26.3   49.1
USW00024121ELKO                       ,NV   27.0   31.6   39.9   45.6   54.2   63.2   71.9   69.6   60.3   47.4   35.9   26.7   47.8
USW00023154ELY                        ,NV   26.7   30.0   37.7   43.2   51.5   61.3   69.3   67.5   58.4   46.4   35.1   26.2   46.1
USW00023169LAS VEGAS                  ,NV   49.5   53.5   60.8   67.7   77.3   87.6   93.2   91.7   83.6   70.4   57.2   48.2   70.1
USW00023185RENO                       ,NV   36.9   40.6   46.6   51.6   60.3   69.2   77.2   75.1   67.0   55.1   43.8   36.2   55.0
USW00024128WINNEMUCCA                 ,NV   32.2   36.6   42.6   47.6   56.4   65.4   74.5   71.6   62.1   49.4   38.6   30.7   50.6
USW00014745CONCORD                    ,NH   22.3   24.7   33.4   45.4   56.7   65.8   71.1   69.5   61.4   49.3   38.6   28.3   47.2
USW00014755MT. WASHINGTON             ,NH    5.8    5.9   12.9   23.7   36.3   45.5   49.9   48.7   43.1   31.3   20.8   11.8   28.0
USW00093730ATLANTIC CITY              ,NJ   34.1   36.0   42.6   52.5   61.9   71.4   76.9   75.0   68.4   57.1   46.8   38.7   55.1
USW00014734NEWARK                     ,NJ   32.8   35.1   42.5   53.3   63.3   72.7   78.2   76.4   69.2   57.5   47.0   38.0   55.5
USW00023050ALBUQUERQUE                ,NM   37.4   41.9   49.5   56.8   66.1   76.1   78.9   76.9   70.3   58.4   45.7   36.9   57.9
USW00023051CLAYTON                    ,NM   35.5   37.5   44.9   52.0   61.5   71.2   75.4   73.1   66.4   54.7   43.7   35.3   54.3
USW00023009ROSWELL                    ,NM   42.7   47.8   55.2   63.2   72.3   81.0   83.2   81.6   74.4   63.2   51.0   42.4   63.2
USW00014735ALBANY                     ,NY   24.4   26.8   35.7   48.1   59.6   68.4   73.1   71.4   63.5   51.4   40.5   30.4   49.4
USW00004725BINGHAMTON                 ,NY   22.5   24.5   32.3   44.6   56.2   64.4   68.9   67.3   60.0   48.8   37.9   28.1   46.3
USW00014733BUFFALO                    ,NY   25.5   26.4   34.1   45.6   57.9   66.9   71.7   70.4   63.4   51.7   41.0   31.4   48.8
USW00004781ISLIP                      ,NY   31.9   33.3   39.9   49.7   59.5   69.0   75.0   73.7   66.9   55.7   45.6   37.1   53.1
USW00014768ROCHESTER                  ,NY   26.2   27.4   35.2   46.8   58.8   67.6   72.3   70.7   63.6   52.2   41.5   32.0   49.5
USW00014771SYRACUSE                   ,NY   24.1   25.5   33.8   46.3   58.2   67.0   71.8   70.4   62.9   51.3   40.5   30.4   48.5
USW00003812ASHEVILLE                  ,NC   38.7   42.1   48.4   57.0   64.8   71.8   75.1   74.0   68.3   57.9   47.8   41.4   57.3
USW00093729CAPE HATTERAS              ,NC   48.0   49.1   53.8   61.8   69.7   77.5   81.3   80.7   76.9   68.2   58.7   52.1   64.8
USW00013881CHARLOTTE                  ,NC   42.1   45.7   52.7   61.1   69.0   76.6   80.1   78.6   72.7   61.9   51.4   44.7   61.4
USW00013723GREENSBORO-WNSTN-SALM-HGHPT,NC   39.7   43.0   50.3   59.4   67.5   75.3   78.9   77.3   71.0   60.2   49.7   42.5   59.6
USW00013722RALEIGH                    ,NC   41.9   45.0   51.8   60.8   68.8   76.7   80.5   78.8   72.6   61.7   51.5   44.6   61.2
USW00013748WILMINGTON                 ,NC   46.8   49.3   55.3   63.6   71.1   78.2   81.5   80.0   75.3   65.9   56.1   49.7   64.4
USW00024011BISMARCK                   ,ND   12.8   17.5   30.1   43.2   55.3   65.4   71.3   69.6   59.7   44.8   29.9   17.9   43.1
USW00014914FARGO                      ,ND    9.2   13.4   27.2   43.0   56.6   66.8   70.7   68.8   60.0   45.5   29.5   15.7   42.2
USW00014916GRAND FORKS                ,ND    6.3   10.6   24.4   40.7   54.1   64.6   68.9   67.0   57.9   43.2   26.7   12.8   39.8
USW00094014WILLISTON                  ,ND   11.6   16.1   28.8   42.4   53.8   63.5   70.4   69.0   58.0   43.2   27.8   16.1   41.7
USW00014895AKRON                      ,OH   27.9   30.2   38.9   50.8   61.3   69.9   73.9   72.3   65.4   53.7   42.5   33.0   51.7
USW00093814CINCINNATI                 ,OH   31.4   34.7   43.6   54.6   64.1   72.3   75.9   74.9   68.1   56.2   44.4   35.6   54.7
USW00014820CLEVELAND                  ,OH   29.1   31.1   38.9   50.4   61.2   70.4   74.5   73.0   66.4   55.1   44.0   34.3   52.4
USW00014821COLUMBUS                   ,OH   29.6   32.5   41.6   53.2   63.3   71.9   75.4   74.0   67.2   55.2   43.6   34.5   53.5
USW00093815DAYTON                     ,OH   29.4   32.8   42.1   53.7   64.0   72.7   76.0   74.5   67.7   56.0   44.1   34.3   53.9
USW00014891MANSFIELD                  ,OH   26.5   29.1   37.8   49.7   60.3   69.0   72.6   71.0   64.4   53.0   41.5   31.8   50.6
USW00094830TOLEDO                     ,OH   27.5   29.9   39.2   50.9   62.1   71.6   75.4   73.5   66.4   54.6   42.8   32.8   52.2
USW00014852YOUNGSTOWN                 ,OH   26.8   29.0   37.2   49.1   59.3   67.5   71.5   69.9   63.2   52.2   41.5   32.1   49.9
USW00013967OKLAHOMA CITY              ,OK   38.2   42.3   51.2   59.3   68.2   76.9   81.7   80.7   72.7   61.1   49.2   40.0   60.1
USW00013968TULSA                      ,OK   38.5   42.8   52.0   60.8   69.6   78.6   83.4   82.2   73.8   62.3   50.4   41.0   61.3
USW00094224ASTORIA                    ,OR   43.7   44.2   46.0   48.7   53.4   57.3   60.6   61.3   59.0   52.8   46.9   43.2   51.4
USW00094185BURNS                      ,OR   26.5   31.0   38.7   43.9   52.8   59.7   68.6   66.5   57.8   45.6   34.7   25.9   46.0
USW00024221EUGENE                     ,OR   41.4   43.3   46.9   50.7   56.1   60.9   67.8   67.9   62.9   53.4   45.5   40.6   53.1
USW00024225MEDFORD                    ,OR   40.4   44.1   48.3   52.8   60.4   66.9   75.1   74.5   67.7   56.1   45.2   39.4   55.9
USW00024155PENDLETON                  ,OR   34.9   38.0   44.4   50.1   57.9   64.6   73.0   71.8   63.5   51.5   40.7   34.2   52.1
USW00024229PORTLAND                   ,OR   41.9   44.1   48.3   52.8   59.4   64.2   70.2   70.6   65.4   55.6   47.1   41.6   55.1
USW00024232SALEM                      ,OR   42.1   44.0   47.5   51.3   57.7   62.7   69.3   69.2   64.0   54.3   46.3   41.3   54.1
USW00024235SEXTON SUMMIT              ,OR   38.2   38.2   39.7   43.4   51.0   56.7   64.9   65.3   60.5   50.8   41.5   36.8   48.9
USW00014737ALLENTOWN                  ,PA   30.1   32.4   40.7   51.8   62.0   70.9   75.6   73.6   66.3   54.6   43.9   35.0   53.1
USW00014860ERIE                       ,PA   28.2   28.9   36.1   47.4   58.8   68.2   72.7   71.5   65.2   54.3   43.6   34.1   50.8
USW00014711MIDDLETOWN/HARRISBURG      ,PA   30.8   33.4   41.8   53.2   63.4   72.5   77.3   75.2   67.9   55.8   44.8   35.8   54.3
USW00013739PHILADELPHIA               ,PA   33.7   35.9   43.6   54.5   64.3   73.5   78.7   76.8   69.9   58.2   47.4   38.6   56.3
USW00094823PITTSBURGH                 ,PA   28.8   31.4   39.7   51.5   61.2   69.4   73.2   71.8   64.9   53.4   42.6   33.7   51.8
USW00014777AVOCA                      ,PA   28.0   30.3   38.3   50.2   60.9   69.0   73.7   71.8   64.6   53.2   42.7   33.3   51.3
USW00014778WILLIAMSPORT               ,PA   27.7   30.1   38.7   50.3   60.8   69.4   73.7   72.0   64.7   53.0   41.9   32.8   51.3
USW00014765PROVIDENCE                 ,RI   30.2   32.0   38.9   49.3   59.1   68.2   74.4   73.0   65.6   54.4   44.5   35.5   52.1
USW00013782CHARLESTON                 ,SC   50.8   53.2   58.8   66.0   73.5   79.2   82.3   81.4   77.6   69.4   60.1   53.8   67.2
USW00013883COLUMBIA                   ,SC   45.7   49.1   55.9   64.1   72.2   79.1   82.4   81.0   75.5   64.6   54.0   47.7   64.3
USW00003870GREENVILLE-SPARTANBURG     ,SC   42.5   45.9   52.8   61.0   68.9   76.3   79.7   78.4   72.5   61.7   51.6   44.8   61.3
USW00014929ABERDEEN                   ,SD   12.8   17.5   30.5   44.5   57.3   67.6   72.3   69.7   60.9   46.3   30.9   18.3   44.0
USW00014936HURON                      ,SD   16.0   20.5   32.9   45.7   57.9   68.3   73.7   71.3   62.6   47.9   33.1   20.6   45.9
USW00024090RAPID CITY                 ,SD   24.3   26.1   35.4   43.9   54.1   64.6   72.4   70.8   61.3   47.1   34.6   25.6   46.7
USW00014944SIOUX FALLS                ,SD   17.9   22.3   34.7   47.2   59.1   69.9   74.4   72.0   63.8   49.6   34.8   22.5   47.4
USW00013877BRISTOL-JHNSN CTY-KNGSPRT  ,TN   36.4   40.0   47.4   56.4   64.7   72.3   75.6   74.5   68.6   57.3   46.4   39.3   56.6
USW00013882CHATTANOOGA                ,TN   41.7   45.6   53.2   61.7   70.0   77.4   80.7   80.0   73.9   62.7   51.2   44.3   61.9
USW00013891KNOXVILLE                  ,TN   39.1   42.9   50.6   59.6   67.9   75.3   78.5   77.6   71.8   60.3   49.0   41.9   59.5
USW00013893MEMPHIS                    ,TN   42.1   46.1   54.2   63.2   72.1   79.9   82.8   82.1   76.0   64.6   52.7   44.8   63.4
USW00013897NASHVILLE                  ,TN   39.6   43.4   51.5   60.8   69.3   77.1   80.7   79.7   73.1   61.7   50.3   42.7   60.8
USW00003841OAK RIDGE                  ,TN   37.9   41.7   49.7   58.6   66.9   74.1   77.5   76.8   70.8   59.7   48.1   40.9   58.6
USW00013962ABILENE                    ,TX   46.3   50.1   58.1   66.0   74.1   81.1   84.7   84.2   76.8   67.0   55.5   47.3   65.9
USW00023047AMARILLO                   ,TX   38.6   41.8   49.8   57.5   66.8   76.1   79.6   78.1   70.9   59.2   47.4   38.8   58.7
USW00013958AUSTIN                     ,TX   52.2   56.1   62.8   69.6   76.8   83.0   85.8   86.5   80.8   71.6   61.0   53.6   70.0
USW00012919BROWNSVILLE                ,TX   62.8   66.5   71.3   76.7   82.0   85.6   86.4   87.0   83.4   77.9   70.5   64.4   76.2
USW00012924CORPUS CHRISTI             ,TX   58.0   61.9   67.4   73.4   79.0   83.2   84.6   85.4   81.9   75.1   66.2   59.7   73.0
USW00013960DALLAS                     ,TX   47.8   52.0   59.6   67.1   75.4   83.3   87.3   87.3   80.1   69.1   57.8   49.5   68.0
USW00022010DEL RIO                    ,TX   53.1   58.2   65.6   72.7   79.7   85.2   87.2   87.4   81.4   72.5   61.1   53.5   71.5
USW00023044EL PASO                    ,TX   46.5   51.5   58.7   66.6   75.4   83.9   84.4   82.9   76.9   66.7   54.5   46.1   66.2
USW00012923GALVESTON                  ,TX   56.0   59.3   65.2   71.5   78.2   83.8   85.5   85.9   82.4   75.3   65.5   58.5   72.3
USW00012960HOUSTON                    ,TX   53.8   57.7   63.8   70.0   77.4   83.0   85.1   85.2   80.5   71.8   62.0   55.4   70.5
USW00023042LUBBOCK                    ,TX   41.1   45.1   53.0   61.2   70.4   78.6   81.2   79.9   72.3   61.8   50.0   41.7   61.4
USW00023023MIDLAND-ODESSA             ,TX   45.7   50.2   58.0   66.2   75.4   82.6   84.4   83.2   76.2   66.5   54.3   46.4   65.8
USW00012917PORT ARTHUR                ,TX   53.7   57.5   63.3   69.3   76.5   82.0   83.6   83.8   80.0   71.6   61.9   55.6   69.9
USW00023034SAN ANGELO                 ,TX   47.4   51.5   59.4   67.1   75.5   82.2   84.8   84.1   77.0   67.1   55.9   48.4   66.7
USW00012921SAN ANTONIO                ,TX   52.2   56.3   62.8   69.4   76.5   82.6   84.8   85.5   79.9   71.3   60.7   53.5   69.6
USW00012912VICTORIA                   ,TX   54.4   58.4   64.4   70.4   77.3   82.7   84.5   84.8   80.4   72.6   62.8   56.2   70.7
USW00013959WACO                       ,TX   47.4   51.6   58.8   66.2   74.3   81.9   85.6   85.5   78.7   68.4   57.2   49.2   67.1
USW00013966WICHITA FALLS              ,TX   42.4   46.3   54.7   62.8   71.8   80.1   84.7   84.1   76.0   64.6   52.7   43.7   63.7
USW00024127SALT LAKE CITY             ,UT   31.4   36.6   45.8   51.8   61.5   71.6   81.1   79.1   68.4   54.6   41.7   32.2   54.7
USW00014742BURLINGTON                 ,VT   20.9   22.9   32.3   45.6   58.4   67.5   72.4   70.7   62.7   50.3   39.3   28.2   47.6
USW00013733LYNCHBURG                  ,VA   35.9   38.8   46.4   56.1   64.2   72.0   76.0   74.5   68.0   57.0   46.5   38.9   56.2
USW00013737NORFOLK                    ,VA   42.2   44.2   50.7   60.1   68.3   76.7   81.1   79.2   74.0   63.7   53.3   46.1   61.6
USW00013740RICHMOND                   ,VA   38.3   41.0   48.4   58.4   66.7   75.0   79.4   77.5   71.2   60.0   49.6   41.8   58.9
USW00013741ROANOKE                    ,VA   37.9   40.8   48.3   58.0   66.1   73.8   77.8   76.2   69.6   58.9   48.4   40.9   58.1
USW00093739WALLOPS ISLAND             ,VA   37.9   39.8   45.8   55.1   64.1   73.2   78.2   76.5   70.8   60.2   49.7   42.0   57.8
USW00024227OLYMPIA                    ,WA   39.6   40.7   44.1   48.2   54.5   59.1   64.2   64.2   59.1   50.3   43.2   38.9   50.5
USW00094240QUILLAYUTE                 ,WA   41.7   42.1   43.9   46.9   51.7   55.5   59.3   60.0   57.1   50.6   44.7   41.0   49.5
USW00024233SEATTLE                    ,WA   42.8   44.0   47.1   51.3   57.5   62.0   67.1   67.4   62.6   53.8   46.5   42.0   53.7
USW00024157SPOKANE                    ,WA   29.6   32.9   40.0   47.0   56.0   62.3   71.0   70.3   61.1   47.9   36.3   29.1   48.6
USW00024160WALLA WALLA                ,WA   36.3   39.7   46.8   52.5   60.4   67.0   76.3   75.2   66.2   53.7   42.4   35.6   54.3
USW00024243YAKIMA                     ,WA   31.7   36.6   43.4   49.9   58.8   65.1   72.4   70.9   62.2   49.8   38.0   30.6   50.8
USW00003872BECKLEY                    ,WV   32.2   35.4   42.8   53.5   61.3   68.2   71.6   70.5   64.7   54.3   44.0   36.0   52.9
USW00013866CHARLESTON                 ,WV   35.0   38.2   46.0   56.9   64.7   72.3   75.8   74.6   68.3   57.0   46.4   38.7   56.2
USW00013729ELKINS                     ,WV   30.8   33.5   41.0   51.5   60.2   67.8   71.4   70.2   64.1   52.7   42.3   34.7   51.7
USW00003860HUNTINGTON                 ,WV   34.8   38.2   46.4   57.2   65.2   72.9   76.4   75.2   68.7   57.4   46.6   38.6   56.5
USW00014898GREEN BAY                  ,WI   18.3   21.1   32.1   44.3   56.5   66.4   70.5   68.6   61.0   48.7   36.2   24.5   45.7
USW00014920LA CROSSE                  ,WI   18.9   23.3   35.8   49.0   61.0   71.0   75.0   72.8   64.8   51.7   37.6   25.1   48.8
USW00014837MADISON                    ,WI   19.4   23.0   34.4   46.3   58.1   68.0   71.9   69.7   62.0   49.7   36.7   25.3   47.0
USW00014839MILWAUKEE                  ,WI   24.0   27.1   36.4   46.3   57.1   67.6   73.3   72.3   65.0   53.0   40.4   29.5   49.3
USW00024089CASPER                     ,WY   25.1   26.6   35.8   42.3   52.0   62.5   71.0   69.0   58.9   45.3   34.0   24.8   45.6
USW00024018CHEYENNE                   ,WY   29.2   29.5   37.1   42.8   52.3   63.1   70.1   68.1   59.6   46.5   36.1   28.7   46.9
USW00024021LANDER                     ,WY   21.3   25.0   36.0   43.2   52.8   62.8   71.5   69.8   59.6   45.4   32.1   21.6   45.1
USW00024029SHERIDAN                   ,WY   24.0   26.0   35.7   43.2   52.4   61.8   70.7   69.1   59.1   45.4   33.3   24.5   45.4
GQW00041415GUAM                       ,PC   80.3   80.1   81.0   82.3   83.0   83.1   82.2   81.5   81.5   81.7   82.2   81.6   81.7
PSW00040309KOROR                      ,PC   82.2   81.9   82.3   83.0   82.9   82.3   81.8   81.9   82.0   82.6   82.9   82.5   82.4
RMW00040604KWAJALEIN- MARSHALL IS.    ,PC   82.1   82.2   82.6   82.8   83.0   82.9   82.6   82.8   83.0   82.8   82.6   82.5   82.7
RMW00040710MAJURO- MARSHALL IS        ,PC   81.9   82.0   82.2   82.2   82.4   82.2   82.4   82.5   82.6   82.5   82.3   82.2   82.3
AQW00061705PAGO PAGO- AMER SAMOA      ,PC   83.0   83.2   83.3   83.0   82.2   81.5   80.9   80.9   81.6   82.1   82.5   82.9   82.3
FMW00040504POHNPEI- CAROLINE IS.      ,PC   80.9   81.1   81.2   81.2   81.2   81.2   81.2   81.3   81.2   81.1   81.1   80.9   81.1
FMW00040505CHUUK- E. CAROLINE IS.     ,PC   81.8   81.7   82.1   82.4   82.4   82.1   81.9   81.7   81.7   82.0   82.2   82.0   82.0
FMW00040308YAP- W CAROLINE IS.        ,PC   81.0   80.9   81.3   82.1   82.5   82.0   81.4   81.1   81.3   81.5   81.7   81.4   81.5
RQW00011641SAN JUAN                   ,PR   77.6   77.8   78.6   80.1   81.6   83.1   83.1   83.5   83.4   82.7   80.5   78.8   80.9
