NORMALS 1991-2020                            JAN    FEB    MAR    APR    MAY    JUN    JUL    AUG    SEP    OCT    NOV    DEC    ANN
USW00013876BIRMINGHAM                 ,AL   34.9   38.4   45.0   52.1   61.0   68.5   72.1   71.3   65.3   53.9   43.0   37.9   53.6
USW00003856HUNTSVILLE                 ,AL   33.1   36.4   43.0   51.0   60.2   68.0   71.1   69.7   63.4   51.8   41.2   35.9   52.1
USW00013894MOBILE                     ,AL   40.7   44.4   50.0   56.0   63.8   70.8   73.1   72.9   68.8   58.2   47.7   43.0   57.4
USW00013895MONTGOMERY                 ,AL   36.5   40.4   46.5   52.6   61.3   69.0   72.1   71.4   66.3   54.5   43.3   38.6   54.4
USW00026451ANCHORAGE                  ,AK   11.0   15.2   18.6   29.9   40.0   48.4   52.9   50.9   42.9   30.7   18.3   13.8   31.0
USW00025308ANNETTE                    ,AK   32.5   32.6   34.1   38.9   44.8   49.9   53.5   53.8   49.1   42.3   36.5   33.5   41.8
USW00027502BARROW                     ,AK  -17.8  -18.3  -17.2   -2.5   18.5   31.1   35.6   35.1   30.3   16.8    -.1  -12.2    8.3
USW00026615BETHEL                     ,AK    1.2    6.5    7.0   21.2   34.1   44.5   49.0   47.3   39.4   26.4   12.8    3.7   24.4
USW00026533BETTLES                    ,AK  -18.9  -13.3   -9.2   13.2   34.2   47.3   49.4   42.7   32.6   14.3   -7.0  -13.9   14.3
USW00026415BIG DELTA                  ,AK   -8.0    -.9    3.6   23.5   38.2   48.7   51.7   46.7   36.4   19.6    1.4   -4.6   21.4
USW00025624COLD BAY                   ,AK   23.7   25.5   24.4   29.8   35.5   42.0   46.9   48.1   43.4   36.1   30.6   25.9   34.3
USW00026411FAIRBANKS                  ,AK  -17.2  -11.2   -3.4   21.7   38.6   50.2   53.1   47.6   36.2   18.4   -4.1  -13.0   18.1
USW00026425GULKANA                    ,AK  -11.7   -4.9    1.4   20.8   33.4   42.5   46.5   42.5   33.1   18.3   -1.4   -8.2   17.7
USW00025507HOMER                      ,AK   19.0   21.7   23.1   31.3   38.2   44.7   49.2   48.0   42.3   33.3   24.8   21.4   33.1
USW00025309JUNEAU                     ,AK   23.8   24.6   26.6   32.9   40.3   46.8   50.1   49.1   44.1   37.1   29.2   25.9   35.9
USW00025503KING SALMON                ,AK    9.8   14.7   15.2   27.6   36.1   43.5   48.9   48.0   41.0   29.0   18.2   11.4   28.6
USW00025501KODIAK                     ,AK   26.2   27.2   27.6   33.6   39.9   45.7   50.5   50.3   44.2   36.0   30.2   26.5   36.5
USW00026616KOTZEBUE                   ,AK   -8.4   -5.8   -6.0    8.8   27.3   41.8   50.5   47.7   38.7   23.0    5.6   -3.8   18.3
USW00026510MCGRATH                    ,AK  -14.1   -5.6    -.7   21.5   38.0   48.6   52.1   47.8   38.0   22.4    1.1  -10.0   19.9
USW00026617NOME                       ,AK   -2.0    1.3    1.6   15.9   30.9   41.5   46.3   44.4   37.2   24.9   12.2    2.0   21.4
USW00025713ST. PAUL ISLAND            ,AK   21.4   21.2   20.8   26.1   32.4   38.7   44.2   46.1   41.9   35.3   30.1   24.7   31.9
USW00026528TALKEETNA                  ,AK    5.4    9.4   12.4   25.8   36.7   47.0   51.4   47.9   39.0   26.5   13.2    7.8   26.9
USW00026442VALDEZ                     ,AK   19.1   21.4   23.0   31.9   39.8   46.3   49.1   46.9   41.6   34.1   24.9   21.8   33.3
USW00025339YAKUTAT                    ,AK   22.4   23.5   23.8   30.3   37.6   45.0   49.2   47.5   41.9   34.8   27.3   25.1   34.0
USW00003103FLAGSTAFF                  ,AZ   17.6   19.6   23.8   28.2   34.6   42.5   51.4   50.6   42.5   31.5   23.0   16.9   31.9
USW00023183PHOENIX                    ,AZ   46.0   49.0   54.5   60.8   69.5   78.6   84.5   83.6   78.1   65.6   53.7   45.3   64.1
USW00023160TUCSON                     ,AZ   40.8   43.2   48.0   53.3   61.8   71.1   76.3   75.2   70.4   59.0   47.9   40.5   57.3
USW00023194WINSLOW                    ,AZ   22.0   25.9   31.8   37.9   46.2   55.2   63.7   62.5   53.8   40.4   28.9   21.7   40.8
USW00013964FORT SMITH                 ,AR   29.6   33.4   41.5   49.8   59.5   68.3   72.1   70.9   63.1   51.0   40.0   32.3   51.0
USW00013963LITTLE ROCK                ,AR   30.9   34.2   41.8   50.1   59.3   67.7   71.2   70.1   62.9   50.9   40.2   33.3   51.0
USW00023155BAKERSFIELD                ,CA   40.5   43.2   47.0   50.7   58.0   65.1   71.3   70.0   65.0   55.2   45.4   39.6   54.3
USW00023157BISHOP                     ,CA   23.5   26.4   31.3   36.7   44.2   51.4   56.7   54.0   47.2   37.4   27.0   22.1   38.2
USW00023225BLUE CANYON                ,CA   34.4   33.1   34.7   37.5   45.6   54.4   62.7   62.1   57.2   48.1   39.0   33.6   45.2
USW00093193FRESNO                     ,CA   40.6   43.3   47.3   50.9   57.6   63.9   69.3   67.9   63.4   54.6   45.4   39.8   53.7
USW00023129LONG BEACH                 ,CA   46.9   48.4   51.2   53.9   57.9   61.3   64.9   65.5   63.9   59.1   51.6   46.6   55.9
USW00093134LOS ANGELES                ,CA   48.9   50.0   52.4   54.8   58.1   61.4   64.7   65.4   64.2   59.9   53.1   48.2   56.8
USW00024257REDDING                    ,CA   37.7   40.1   43.2   47.0   54.3   62.4   67.0   63.9   58.2   50.2   41.5   37.2   50.2
USW00023232SACRAMENTO                 ,CA   39.2   41.5   44.5   47.0   52.0   56.5   59.2   58.8   56.5   50.3   42.7   38.5   48.9
USW00023188SAN DIEGO                  ,CA   50.3   51.8   54.5   57.1   60.0   62.6   66.1   67.5   66.2   61.5   54.8   49.8   58.5
USW00023272SAN FRANCISCO              ,CA   46.6   47.9   48.9   49.7   51.4   53.0   54.4   55.5   55.6   54.4   50.7   47.0   51.3
USW00023190SANTA BARBARA              ,CA   41.3   43.6   46.2   48.1   51.3   54.5   58.1   58.0   55.7   50.9   44.3   40.4   49.4
USW00023273SANTA MARIA                ,CA   41.0   42.5   44.3   45.4   48.7   51.6   54.9   55.1   53.7   49.8   44.3   40.1   47.6
USW00023237STOCKTON                   ,CA   39.1   41.3   44.2   47.4   52.6   57.6   60.9   60.3   57.5   50.6   42.8   38.4   49.4
USW00023061ALAMOSA                    ,CO   -1.1    7.4   17.6   25.0   33.6   40.9   47.3   45.8   37.3   24.8   12.1    0.8   24.3
USW00093037COLORADO SPRINGS           ,CO   18.5   20.2   27.3   34.0   43.5   52.8   58.2   56.6   48.9   36.6   26.0   18.7   36.8
USW00023062DENVER                     ,CO   17.6   19.3   27.1   33.7   43.4   52.9   59.3   57.2   48.2   35.7   25.5   17.7   36.5
USW00023066GRAND JUNCTION             ,CO   17.3   24.1   31.7   38.1   47.1   56.8   63.9   61.6   52.5   39.5   27.5   18.0   39.8
USW00093058PUEBLO                     ,CO   15.4   19.0   27.1   35.3   45.6   55.0   61.0   59.4   50.1   35.9   24.2   15.9   37.0
USW00094702BRIDGEPORT                 ,CT   24.4   25.7   32.3   41.7   51.7   61.5   67.9   67.0   59.8   48.3   38.4   30.2   45.7
USW00014740HARTFORD                   ,CT   18.8   20.7   28.2   38.4   48.4   57.8   63.4   61.7   53.8   42.4   33.0   24.6   40.9
USW00013781WILMINGTON                 ,DE   25.6   27.0   33.9   43.5   53.4   63.0   68.3   66.6   59.3   47.3   37.4   30.3   46.3
USW00093738WASHINGTON DULLES          ,DC   25.2   26.7   33.6   43.2   53.0   61.9   66.8   65.2   57.9   45.3   35.6   29.0   45.3
USW00013743WASHINGTON NAT'L           ,DC   30.1   31.8   38.6   48.4   58.0   67.5   72.4   71.0   64.1   52.2   41.6   34.5   50.9
USW00012834DAYTONA BEACH              ,FL   48.5   51.1   54.8   60.1   66.2   71.8   73.5   74.1   72.9   66.7   57.9   52.1   62.5
USW00012835FORT MYERS                 ,FL   54.3   56.6   59.6   64.3   69.1   73.6   74.7   75.1   74.3   69.4   61.8   57.3   65.8
USW00012816GAINESVILLE                ,FL   42.6   45.9   49.7   55.5   62.6   69.5   71.6   72.0   69.4   60.6   50.6   45.2   57.9
USW00013889JACKSONVILLE               ,FL   42.9   46.1   50.6   56.4   63.9   70.7   73.2   73.4   70.5   61.5   51.3   45.8   58.9
USW00012836KEY WEST                   ,FL   65.5   67.1   69.3   73.1   76.4   79.4   80.6   80.5   79.2   76.8   72.2   68.3   74.0
USW00012839MIAMI                      ,FL   61.0   63.2   65.6   69.8   73.4   76.3   77.5   77.7   76.9   74.2   68.3   64.3   70.7
USW00012815ORLANDO                    ,FL   49.5   52.4   55.8   60.7   66.3   71.6   73.2   73.7   72.4   66.2   58.2   52.9   62.7
USW00013899PENSACOLA                  ,FL   43.7   47.2   52.7   59.0   66.9   73.5   75.3   75.0   71.5   61.6   51.0   45.9   60.3
USW00093805TALLAHASSEE                ,FL   40.5   43.5   48.6   54.4   63.0   70.8   73.0   73.2   69.6   58.8   48.0   42.9   57.2
USW00012842TAMPA                      ,FL   52.8   55.5   59.3   64.8   70.6   75.4   76.6   76.8   75.3   69.2   60.7   55.9   66.1
USW00012843VERO BEACH                 ,FL   52.2   54.5   57.7   62.4   67.8   72.2   73.3   73.6   73.4   69.0   61.4   56.1   64.5
USW00012844WEST PALM BEACH            ,FL   57.9   60.1   63.0   67.5   71.7   75.0   76.1   76.5   75.8   72.6   66.1   61.5   68.6
USW00013873ATHENS                     ,GA   33.8   36.9   42.9   49.8   58.6   66.5   70.0   69.2   63.3   51.9   41.6   36.3   51.7
USW00013874ATLANTA                    ,GA   35.6   38.9   45.3   52.5   61.3   68.6   71.8   71.3   65.9   54.9   44.2   38.4   54.1
USW00003820AUGUSTA                    ,GA   35.3   38.1   44.1   50.6   59.6   68.1   71.6   71.0   65.0   53.1   42.2   37.3   53.0
USW00093842COLUMBUS                   ,GA   38.2   41.5   47.3   54.0   63.1   70.5   73.5   73.0   67.9   56.8   46.1   40.6   56.0
USW00003813MACON                      ,GA   35.9   39.1   44.9   51.0   60.0   68.1   71.5   70.7   64.8   53.2   42.5   37.8   53.3
USW00003822SAVANNAH                   ,GA   40.0   42.9   48.6   55.2   63.4   70.7   73.7   73.3   69.0   58.6   48.0   42.6   57.2
USW00021504HILO                       ,HI   64.1   64.1   65.2   66.1   67.3   68.7   69.9   70.4   69.8   69.0   67.6   65.7   67.3
USW00022521HONOLULU                   ,HI   66.8   67.1   68.1   70.1   71.5   73.8   75.1   75.6   74.8   73.9   71.8   69.2   71.5
USW00022516KAHULUI                    ,HI   63.6   63.8   65.1   66.6   67.7   70.3   71.8   72.3   71.2   70.1   68.4   65.9   68.1
USW00022536LIHUE                      ,HI   66.0   66.2   67.3   69.5   70.9   73.4   74.6   75.2   74.8   73.6   71.3   68.6   71.0
USW00024131BOISE                      ,ID   25.5   29.0   34.9   39.6   47.5   54.1   61.9   60.8   52.6   41.5   31.7   25.4   42.0
USW00024149LEWISTON                   ,ID   30.3   31.7   35.7   40.7   48.1   54.0   60.9   60.3   52.3   42.0   34.5   29.5   43.3
USW00024156POCATELLO                  ,ID   17.1   20.3   27.8   32.8   39.7   46.0   52.3   50.5   42.2   32.8   23.8   17.3   33.6
USW00094846CHICAGO                    ,IL   18.8   21.8   31.0   40.3   50.6   60.8   66.4   65.1   57.1   45.4   34.1   24.4   43.0
USW00014923MOLINE                     ,IL   14.8   18.8   29.6   39.9   51.1   61.0   64.9   62.7   54.2   42.6   30.9   20.8   40.9
USW00014842PEORIA                     ,IL   17.6   21.4   31.6   42.1   52.8   62.4   66.3   64.4   56.3   44.4   33.0   23.2   43.0
USW00094822ROCKFORD                   ,IL   14.5   17.8   28.1   38.5   49.5   59.6   63.6   61.8   53.5   41.8   30.5   20.2   40.0
USW00093822SPRINGFIELD                ,IL   19.9   23.7   33.2   43.3   54.4   63.3   66.2   64.3   55.8   44.6   34.2   25.2   44.0
USW00093817EVANSVILLE                 ,IN   25.5   28.4   36.4   46.1   56.6   65.3   68.8   66.7   58.6   47.1   36.5   29.5   47.1
USW00014827FORT WAYNE                 ,IN   18.4   21.0   29.4   39.4   50.4   60.3   63.5   61.2   53.4   42.8   32.8   24.2   41.4
USW00093819INDIANAPOLIS               ,IN   20.9   24.2   33.0   43.3   53.7   62.9   66.4   65.0   57.4   45.5   34.9   26.2   44.4
USW00014848SOUTH BEND                 ,IN   17.0   19.3   27.2   37.1   48.1   58.1   62.1   60.5   53.0   42.1   31.8   23.0   39.9
USW00014933DES MOINES                 ,IA   13.8   18.0   29.6   40.6   52.3   62.4   66.4   64.2   55.4   42.9   30.2   19.5   41.3
USW00094908DUBUQUE                    ,IA   11.1   15.0   26.3   37.2   48.5   58.6   62.0   60.0   51.8   39.9   28.1   17.2   38.0
USW00014943SIOUX CITY                 ,IA   10.4   14.8   25.9   36.7   48.7   59.4   63.4   60.8   51.2   37.9   25.0   14.8   37.4
USW00094910WATERLOO                   ,IA   10.7   15.2   26.9   37.9   50.2   60.8   64.0   61.0   52.4   40.2   27.7   17.0   38.7
USW00013984CONCORDIA                  ,KS   18.9   22.1   31.7   41.2   52.2   62.8   67.4   65.1   56.5   43.7   31.3   21.9   42.9
USW00013985DODGE CITY                 ,KS   20.3   23.0   31.3   40.1   51.2   61.6   66.4   64.7   56.2   42.9   30.2   22.0   42.5
USW00023065GOODLAND                   ,KS   16.9   18.9   26.5   34.6   45.5   56.2   61.7   59.8   50.6   37.1   25.5   17.8   37.6
USW00013996TOPEKA                     ,KS   20.0   24.2   34.1   43.9   55.0   65.2   69.3   66.8   57.5   45.1   33.1   24.0   44.9
USW00003928WICHITA                    ,KS   22.5   26.3   35.7   44.8   55.9   65.9   70.4   68.8   60.1   47.2   34.7   25.4   46.5
USW00003889JACKSON                    ,KY   27.4   30.5   37.6   47.3   55.6   62.9   66.5   65.3   59.1   48.5   38.8   31.8   47.6
USW00093820LEXINGTON                  ,KY   25.4   28.3   35.8   45.2   55.0   62.8   66.5   65.2   58.1   47.0   36.4   29.6   46.3
USW00093821LOUISVILLE                 ,KY   27.8   30.7   38.6   48.5   58.7   67.2   70.8   69.5   61.9   50.1   39.4   32.1   49.6
USW00003816PADUCAH                    ,KY   27.3   30.5   38.3   47.6   57.7   66.0   69.4   66.8   58.9   47.6   37.5   30.7   48.2
USW00013970BATON ROUGE                ,LA   41.6   45.3   51.0   56.9   65.1   71.5   73.8   73.3   68.9   58.1   47.8   43.3   58.0
USW00003937LAKE CHARLES               ,LA   43.4   47.1   53.1   59.3   67.3   73.7   75.6   75.1   70.7   60.4   50.6   45.3   60.1
USW00012916NEW ORLEANS                ,LA   46.1   49.7   55.3   61.7   69.0   74.7   76.5   76.6   73.5   64.3   53.7   48.4   62.5
USW00013957SHREVEPORT                 ,LA   37.3   41.0   47.7   54.3   63.5   70.6   73.5   73.0   67.0   55.4   45.3   39.0   55.6
USW00014607CARIBOU                    ,ME    2.6    4.4   15.6   29.4   41.4   50.6   56.3   54.1   45.9   35.9   25.6   12.3   31.2
USW00014764PORTLAND                   ,ME   15.6   17.3   26.0   35.4   45.5   55.0   61.2   59.7   52.1   41.0   31.7   22.4   38.6
USW00093721BALTIMORE                  ,MD   25.4   26.9   33.9   43.6   53.3   62.6   67.7   65.8   58.8   46.5   36.5   29.6   45.9
USW00014739BOSTON                     ,MA   23.1   24.6   31.1   40.8   50.3   59.7   66.0   65.1   58.2   47.5   37.9   29.2   44.5
USW00094746WORCESTER                  ,MA   17.1   18.9   26.0   36.5   46.8   55.9   61.7   60.5   53.2   42.2   32.5   23.4   39.6
USW00094849ALPENA                     ,MI   11.9   11.2   19.1   30.2   40.9   50.4   55.9   54.5   47.0   37.2   28.6   19.6   33.9
USW00094847DETROIT                    ,MI   19.2   20.8   28.6   39.1   50.2   60.2   64.4   63.2   55.5   44.0   33.9   25.3   42.0
USW00014826FLINT                      ,MI   16.0   16.7   25.1   35.3   46.0   55.9   59.7   58.3   50.4   40.3   31.0   22.5   38.1
USW00094860GRAND RAPIDS               ,MI   18.6   19.5   26.9   37.3   48.6   58.3   62.5   61.2   53.1   42.2   32.8   24.7   40.5
USW00094814HOUGHTON LAKE              ,MI   11.4   11.0   19.1   30.7   42.3   51.1   55.0   53.3   46.1   36.8   27.9   19.0   33.6
USW00014836LANSING                    ,MI   17.2   18.3   26.0   36.4   47.5   57.1   60.9   59.5   51.5   41.2   31.9   23.3   39.2
USW00014840MUSKEGON                   ,MI   20.7   20.8   27.1   36.9   47.5   57.2   62.2   61.3   53.5   43.2   34.1   26.3   40.9
USW00014847SAULT STE. MARIE           ,MI    8.4    9.3   17.9   30.2   41.0   49.7   55.2   55.4   48.7   38.5   28.3   17.1   33.3
USW00014913DULUTH                     ,MN    2.4    6.0   17.8   29.9   41.0   50.2   56.2   55.2   47.3   35.6   22.5    9.6   31.1
USW00014918INTERNATIONAL FALLS        ,MN   -5.8   -2.6   11.8   26.1   38.1   48.2   52.0   49.7   42.0   31.1   18.1    2.7   26.0
USW00014922MINNEAPOLIS-ST.PAUL        ,MN    8.8   12.7   24.9   37.5   49.9   60.4   65.3   62.8   54.2   40.9   27.7   15.2   38.4
USW00014925ROCHESTER                  ,MN    7.0   10.7   23.4   35.1   47.1   57.5   60.8   58.3   50.4   38.0   25.6   13.6   35.6
USW00014926SAINT CLOUD                ,MN    2.9    6.5   19.8   32.4   44.6   54.8   58.9   56.3   48.0   35.5   22.6    9.8   32.7
USW00003940JACKSON                    ,MS   36.6   39.8   46.4   53.3   62.1   69.4   72.2   71.5   66.0   54.2   43.6   38.7   54.5
USW00013865MERIDIAN                   ,MS   36.4   39.7   45.9   52.6   61.3   68.9   72.0   71.3   65.6   53.7   42.9   38.6   54.1
USW00093862TUPELO                     ,MS   33.6   36.8   43.7   51.6   60.9   68.8   72.4   71.2   64.3   52.3   41.8   36.3   52.8
USW00003945COLUMBIA                   ,MO   22.5   26.4   35.6   45.6   55.7   64.7   68.5   66.7   58.3   46.8   36.0   26.7   46.1
USW00003947KANSAS CITY                ,MO   19.5   23.6   33.6   43.7   54.3   64.0   68.1   66.3   57.5   45.6   33.6   23.9   44.5
USW00013994ST. LOUIS                  ,MO   23.8   27.6   36.7   47.0   57.9   67.2   71.1   69.3   60.9   49.1   37.4   28.5   48.0
USW00013995SPRINGFIELD                ,MO   24.2   28.0   36.2   45.6   55.6   64.6   68.8   67.3   59.1   47.3   36.2   27.8   46.7
USW00024033BILLINGS                   ,MT   17.9   19.7   26.9   34.7   43.8   52.4   59.3   57.5   48.6   37.1   26.7   19.2   37.0
USW00094008GLASGOW                    ,MT    5.8    9.4   21.4   32.8   43.3   52.7   58.5   57.2   46.9   33.8   20.5    9.7   32.7
USW00024143GREAT FALLS                ,MT   15.0   15.4   22.1   29.9   38.4   45.9   51.4   50.3   42.8   32.6   23.6   16.3   32.0
USW00094012HAVRE                      ,MT    7.2   10.1   20.1   30.6   40.2   48.5   53.9   52.2   42.5   30.7   19.7   10.5   30.5
USW00024144HELENA                     ,MT   13.5   17.2   24.6   32.4   41.5   48.7   55.1   52.9   44.6   33.5   22.8   14.2   33.4
USC00244558KALISPELL                  ,MT   16.3   18.1   24.0   30.5   38.1   44.0   47.6   45.7   38.3   29.1   23.5   17.2   31.0
USW00024153MISSOULA                   ,MT   18.0   20.9   26.8   32.3   39.8   46.3   51.5   50.1   42.4   32.4   24.6   17.8   33.6
USW00014935GRAND ISLAND               ,NE   15.6   19.1   28.8   38.6   50.5   61.1   65.8   63.5   53.9   40.6   28.1   18.9   40.4
USW00014939LINCOLN                    ,NE   14.4   18.4   28.7   39.2   51.2   62.1   66.7   64.1   54.3   41.0   28.0   18.2   40.5
USW00014941NORFOLK                    ,NE   11.8   15.6   26.0   36.5   48.0   58.6   63.2   60.8   51.3   38.1   25.2   15.6   37.6
USW00024023NORTH PLATTE               ,NE   11.9   14.8   23.9   33.2   44.2   55.4   61.4   58.8   48.3   34.3   21.4   13.1   35.1
USW00014942OMAHA                      ,NE   15.2   19.3   30.0   41.1   52.7   63.4   68.0   65.6   56.1   43.2   30.2   19.8   42.1
USW00024028SCOTTSBLUFF                ,NE   14.9   17.0   25.0   32.6   43.5   53.6   59.8   57.3   47.1   33.6   22.7   14.4   35.1
USW00024032VALENTINE                  ,NE   11.2   14.2   23.5   33.1   44.2   54.9   61.0   58.7   48.6   34.2   21.8   13.1   34.9
USW00024121ELKO                       ,NV   16.0   20.5   26.8   31.5   38.5   44.9   52.0   49.2   40.5   29.4   21.9   15.4   32.2
USW00023154ELY                        ,NV   12.4   16.2   22.9   27.5   34.0   41.4   49.1   47.6   38.8   28.3   19.2   11.7   29.1
USW00023169LAS VEGAS                  ,NV   40.5   44.1   50.5   56.9   66.1   75.8   82.0   80.6   72.4   59.6   47.3   39.6   59.6
USW00023185RENO                       ,NV   26.1   29.0   34.0   38.5   46.6   53.8   60.4   58.1   50.3   39.7   31.0   25.7   41.1
USW00024128WINNEMUCCA                 ,NV   20.5   23.9   27.5   31.6   39.1   46.1   53.5   50.0   41.0   30.1   23.4   18.5   33.8
USW00014745CONCORD                    ,NH   12.9   14.7   23.3   33.3   44.1   53.7   59.2   57.2   49.0   37.8   28.7   19.5   36.1
USW00014755MT. WASHINGTON             ,NH   -3.2   -3.0    4.9   16.7   30.2   39.6   44.5   43.2   37.1   24.9   13.1    3.5   21.0
USW00093730ATLANTIC CITY              ,NJ   25.1   26.2   32.6   41.7   51.4   61.3   67.2   65.2   58.2   46.4   36.6   29.4   45.1
USW00014734NEWARK                     ,NJ   25.5   27.2   34.2   44.1   53.9   63.6   69.4   68.0   60.7   49.0   39.0   31.2   47.1
USW00023050ALBUQUERQUE                ,NM   26.4   29.8   36.2   43.2   52.4   61.9   66.5   64.9   58.1   46.1   34.1   26.6   45.5
USW00023051CLAYTON                    ,NM   21.4   23.0   29.8   36.8   46.6   56.1   60.8   59.7   52.5   40.3   29.7   22.0   39.9
USW00023009ROSWELL                    ,NM   28.1   32.5   39.4   47.0   56.7   65.7   69.9   68.6   61.2   48.8   36.3   28.3   48.5
USW00014735ALBANY                     ,NY   15.9   17.6   26.1   36.9   48.1   57.4   62.4   60.7   52.6   41.1   31.6   22.7   39.4
USW00004725BINGHAMTON                 ,NY   15.5   16.9   24.0   35.0   46.1   54.9   59.4   58.0   50.6   40.5   30.7   21.9   37.8
USW00014733BUFFALO                    ,NY   19.0   19.5   26.4   36.5   48.3   58.1   63.1   61.7   54.5   43.9   34.2   25.6   40.9
USW00004781ISLIP                      ,NY   24.6   25.5   32.0   41.2   50.8   60.9   67.3   66.0   58.9   47.3   37.6   29.8   45.2
USW00014768ROCHESTER                  ,NY   19.0   19.6   26.8   37.1   48.2   57.4   62.2   61.0   53.6   43.3   34.0   25.4   40.6
USW00014771SYRACUSE                   ,NY   16.5   17.5   25.2   36.2   47.3   56.7   62.0   60.4   52.7   42.4   32.7   23.7   39.4
USW00003812ASHEVILLE                  ,NC   28.6   31.2   37.0   44.6   53.2   61.1   64.9   64.0   57.9   46.2   36.1   31.3   46.3
USW00093729CAPE HATTERAS              ,NC   40.6   41.5   46.2   54.1   62.7   70.9   75.3   74.4   70.8   61.3   51.5   44.9   57.8
USW00013881CHARLOTTE                  ,NC   31.8   34.9   41.2   49.1   58.0   66.2   69.9   68.7   62.6   50.4   39.8   34.5   50.6
USW00013723GREENSBORO-WNSTN-SALM-HGHPT,NC   30.1   32.7   39.3   47.9   57.1   65.4   69.3   68.0   61.5   49.4   38.9   33.0   49.4
USW00013722RALEIGH                    ,NC   31.8   34.2   40.3   48.9   57.7   66.0   70.2   68.9   62.7   50.3   40.0   34.4   50.4
USW00013748WILMINGTON                 ,NC   36.3   38.4   44.1   52.6   61.1   69.3   73.0   71.7   66.7   55.6   44.8   39.1   54.4
USW00024011BISMARCK                   ,ND    2.4    7.2   19.1   30.4   42.4   52.9   57.9   55.7   45.9   32.6   19.1    8.1   31.1
USW00014914FARGO                      ,ND    0.2    4.1   18.1   31.9   44.4   55.6   59.4   56.8   48.1   35.2   20.9    7.5   31.9
USW00014916GRAND FORKS                ,ND   -3.1    0.7   15.0   29.3   41.4   52.9   57.0   54.3   45.3   32.5   17.8    4.2   28.9
USW00094014WILLISTON                  ,ND    1.0    5.5   17.5   29.2   40.2   50.2   56.3   54.0   43.5   30.4   17.1    6.1   29.3
USW00014895AKRON                      ,OH   20.3   21.9   29.4   39.8   50.4   59.4   63.4   61.9   54.9   44.0   34.2   26.1   42.1
USW00093814CINCINNATI                 ,OH   23.1   25.8   33.8   43.7   53.7   62.1   65.9   64.6   57.3   45.7   35.1   27.9   44.9
USW00014820CLEVELAND                  ,OH   22.3   23.7   30.7   40.8   51.4   61.1   65.3   63.9   57.1   46.5   36.7   28.2   44.0
USW00014821COLUMBUS                   ,OH   22.0   24.2   32.0   42.2   52.4   61.6   65.4   63.9   56.5   44.8   35.0   27.4   43.9
USW00093815DAYTON                     ,OH   21.8   24.5   32.7   42.9   53.8   62.7   66.1   64.3   56.8   45.9   35.4   27.1   44.5
USW00014891MANSFIELD                  ,OH   19.1   21.2   28.7   38.9   49.6   58.6   62.3   60.8   53.7   43.1   33.4   25.0   41.2
USW00094830TOLEDO                     ,OH   20.3   22.1   29.9   40.3   50.9   60.5   64.2   62.8   55.1   44.3   34.5   26.1   42.6
USW00014852YOUNGSTOWN                 ,OH   19.3   20.7   27.8   37.9   47.6   56.2   60.3   58.8   52.1   42.2   33.4   25.5   40.1
USW00013967OKLAHOMA CITY              ,OK   27.0   30.8   39.5   47.5   57.6   66.2   70.3   69.1   61.5   49.4   37.7   29.5   48.8
USW00013968TULSA                      ,OK   28.0   31.7   40.7   49.5   59.5   68.7   73.1   71.5   62.8   50.9   39.4   31.1   50.6
USW00094224ASTORIA                    ,OR   38.1   37.4   39.0   41.5   46.3   50.6   53.9   53.9   50.5   44.9   40.2   37.6   44.5
USW00094185BURNS                      ,OR   16.3   20.2   26.3   29.8   37.4   42.6   48.6   45.8   37.4   28.0   22.1   15.5   30.8
USW00024221EUGENE                     ,OR   34.7   35.0   37.2   40.0   44.0   47.6   51.7   51.5   47.8   41.8   37.7   34.3   41.9
USW00024225MEDFORD                    ,OR   32.5   33.9   37.2   41.0   46.9   52.3   58.6   57.9   51.2   42.1   36.4   32.6   43.6
USW00024155PENDLETON                  ,OR   28.0   29.6   33.7   38.3   45.0   50.7   56.7   56.0   49.0   39.4   32.3   27.5   40.5
USW00024229PORTLAND                   ,OR   36.2   36.8   39.7   43.7   49.4   54.1   58.5   58.9   54.1   46.7   40.6   36.2   46.2
USW00024232SALEM                      ,OR   35.8   35.9   38.3   41.0   46.3   50.8   55.1   54.8   50.6   43.9   39.0   35.1   43.9
USW00024235SEXTON SUMMIT              ,OR   33.3   32.7   33.1   35.1   41.1   45.6   53.1   53.9   50.7   43.4   36.3   32.3   40.9
USW00014737ALLENTOWN                  ,PA   21.8   23.2   30.5   40.3   50.6   59.9   64.7   62.8   55.2   43.8   34.1   26.8   42.8
USW00014860ERIE                       ,PA   21.3   21.4   27.9   38.0   49.3   59.4   64.2   63.2   56.7   46.3   36.7   28.0   42.7
USW00014711MIDDLETOWN/HARRISBURG      ,PA   23.0   24.7   32.3   42.5   53.1   62.7   67.8   65.8   58.2   46.0   35.8   28.2   45.0
USW00013739PHILADELPHIA               ,PA   26.0   27.5   34.3   44.3   54.2   63.9   69.6   67.9   60.9   49.2   38.8   31.2   47.3
USW00094823PITTSBURGH                 ,PA   21.4   23.2   30.3   40.7   50.6   59.3   63.4   62.0   54.8   43.7   34.3   26.7   42.5
USW00014777AVOCA                      ,PA   20.3   21.9   28.9   39.3   49.6   58.1   62.7   61.1   54.0   43.3   34.3   26.3   41.7
USW00014778WILLIAMSPORT               ,PA   20.1   21.5   29.0   39.0   49.1   58.3   62.7   61.2   54.1   42.8   33.2   25.8   41.4
USW00014765PROVIDENCE                 ,RI   22.1   23.5   30.2   39.6   49.2   58.8   65.2   63.9   56.5   45.1   35.8   27.6   43.1
USW00013782CHARLESTON                 ,SC   43.6   46.1   52.0   59.7   68.0   74.2   77.1   76.5   72.5   63.2   53.1   46.8   61.1
USW00013883COLUMBIA                   ,SC   34.6   37.3   43.6   51.5   60.5   68.6   72.0   71.2   65.3   52.7   41.6   36.5   53.0
USW00003870GREENVILLE-SPARTANBURG     ,SC   32.1   34.8   41.2   48.7   57.5   65.5   69.2   68.3   62.4   50.4   40.4   34.8   50.4
USW00014929ABERDEEN                   ,SD    1.9    6.3   19.4   31.4   44.3   55.1   59.7   56.5   46.8   33.3   19.4    7.9   31.8
USW00014936HURON                      ,SD    6.2   10.2   22.1   33.6   45.9   56.7   61.6   59.2   49.5   35.5   22.2   11.0   34.5
USW00024090RAPID CITY                 ,SD   12.7   14.0   22.6   31.2   41.7   51.6   58.5   56.2   46.4   33.7   21.9   13.9   33.7
USW00014944SIOUX FALLS                ,SD    8.5   12.6   24.3   35.5   47.5   58.8   63.4   61.1   51.9   38.1   24.5   13.4   36.6
USW00013877BRISTOL-JHNSN CTY-KNGSPRT  ,TN   26.3   29.2   35.4   43.3   52.3   60.7   64.7   63.2   56.4   44.3   34.2   29.2   44.9
USW00013882CHATTANOOGA                ,TN   32.4   35.6   42.2   49.9   59.0   67.3   71.0   70.2   63.6   51.4   40.3   35.3   51.5
USW00013891KNOXVILLE                  ,TN   30.0   33.1   39.8   48.0   56.9   64.9   68.7   67.5   61.1   48.9   38.1   32.8   49.2
USW00013893MEMPHIS                    ,TN   33.3   36.7   44.3   53.0   62.4   70.4   73.6   72.6   65.9   54.0   42.9   36.2   53.8
USW00013897NASHVILLE                  ,TN   30.1   33.0   40.2   48.9   58.3   66.4   70.5   69.0   61.8   49.9   39.2   33.3   50.1
USW00003841OAK RIDGE                  ,TN   29.2   32.1   38.7   46.8   56.1   64.1   68.1   67.0   60.6   48.4   37.3   32.4   48.4
USW00013962ABILENE                    ,TX   33.7   37.4   45.3   52.8   61.9   69.5   73.1   72.4   65.0   54.7   43.3   35.2   53.7
USW00023047AMARILLO                   ,TX   24.9   27.5   34.8   42.5   52.6   62.4   66.4   65.3   57.8   45.4   33.5   25.7   44.9
USW00013958AUSTIN                     ,TX   41.8   45.8   52.2   58.9   66.8   72.9   75.0   75.1   70.1   60.8   50.5   43.4   59.4
USW00012919BROWNSVILLE                ,TX   53.1   56.9   62.0   67.7   73.7   77.2   77.8   77.8   74.7   68.6   60.8   54.7   67.1
USW00012924CORPUS CHRISTI             ,TX   48.0   51.9   58.1   64.2   70.7   74.9   75.5   75.8   73.0   65.4   56.3   49.8   63.6
USW00013960DALLAS                     ,TX   37.9   41.9   49.4   56.8   66.0   73.8   77.7   77.4   70.1   58.7   47.8   39.8   58.1
USW00022010DEL RIO                    ,TX   40.9   45.6   53.2   60.2   68.3   74.1   75.9   76.0   70.5   61.2   49.7   41.4   59.8
USW00023044EL PASO                    ,TX   34.5   38.9   45.5   53.3   62.1   70.6   73.0   71.8   65.4   54.0   42.0   34.4   53.8
USW00012923GALVESTON                  ,TX   48.9   52.3   58.4   65.0   72.4   78.1   79.7   79.8   76.1   68.6   58.7   51.6   65.8
USW00012960HOUSTON                    ,TX   43.7   47.6   53.6   59.8   67.8   73.7   75.7   75.4   70.6   60.9   51.5   45.6   60.5
USW00023042LUBBOCK                    ,TX   27.2   30.6   38.3   46.3   56.7   65.6   69.0   67.5   59.8   48.1   36.3   28.3   47.8
USW00023023MIDLAND-ODESSA             ,TX   32.7   36.7   44.2   51.8   62.2   70.3   72.9   71.7   64.8   54.0   41.5   33.6   53.0
USW00012917PORT ARTHUR                ,TX   43.8   47.8   53.4   59.6   67.3   73.1   74.6   74.4   70.6   61.1   51.5   45.8   60.3
USW00023034SAN ANGELO                 ,TX   33.7   37.6   45.6   52.5   62.3   70.0   72.3   71.6   64.6   53.8   42.6   34.9   53.5
USW00012921SAN ANTONIO                ,TX   41.0   45.1   51.8   58.4   66.4   72.7   74.7   74.9   69.6   60.4   49.8   42.4   58.9
USW00012912VICTORIA                   ,TX   43.6   47.7   53.9   60.0   67.7   73.1   74.5   74.1   70.0   61.0   51.4   45.2   60.2
USW00013959WACO                       ,TX   35.8   40.1   47.4   54.6   63.3   71.1   74.4   73.9   66.7   56.2   45.6   37.9   55.6
USW00013966WICHITA FALLS              ,TX   30.0   33.6   41.6   49.6   59.7   68.3   72.2   71.5   63.8   51.9   40.2   31.8   51.2
USW00024127SALT LAKE CITY             ,UT   24.2   28.6   36.3   41.8   50.4   59.1   68.2   66.6   56.3   43.6   32.8   25.3   44.4
USW00014742BURLINGTON                 ,VT   12.9   14.3   23.6   35.9   47.8   57.3   62.4   60.7   52.9   41.8   32.1   21.3   38.6
USW00013733LYNCHBURG                  ,VA   25.8   28.0   34.6   43.5   52.5   60.7   65.0   63.8   57.1   45.1   34.8   28.9   45.0
USW00013737NORFOLK                    ,VA   33.6   35.1   41.3   50.1   59.1   68.1   72.8   71.6   66.6   55.1   44.4   37.6   52.9
USW00013740RICHMOND                   ,VA   28.8   30.4   37.2   46.4   55.7   64.5   69.2   67.6   61.1   49.0   38.8   32.1   48.4
USW00013741ROANOKE                    ,VA   28.7   30.8   37.6   46.3   55.0   63.2   67.4   66.0   59.1   47.8   37.7   31.8   47.6
USW00093739WALLOPS ISLAND             ,VA   29.5   31.1   37.0   45.9   55.5   65.1   70.4   68.7   63.0   51.4   40.7   33.5   49.3
USW00024227OLYMPIA                    ,WA   33.2   32.3   34.5   37.5   43.0   47.4   50.7   50.5   46.2   40.5   35.8   32.8   40.4
USW00094240QUILLAYUTE                 ,WA   35.9   35.2   36.7   38.9   43.4   47.7   51.0   51.1   47.5   42.4   38.1   35.3   41.9
USW00024233SEATTLE                    ,WA   37.7   37.7   39.9   43.3   48.7   53.0   56.8   57.2   53.6   47.0   40.9   37.1   46.1
USW00024157SPOKANE                    ,WA   24.7   26.3   31.5   37.0   44.9   50.8   57.6   56.7   48.6   38.0   30.3   24.3   39.2
USW00024160WALLA WALLA                ,WA   30.7   32.9   37.8   42.5   49.3   55.1   62.4   61.7   53.9   43.9   35.6   30.2   44.7
USW00024243YAKIMA                     ,WA   24.0   26.1   30.2   35.2   43.5   49.5   55.0   53.3   44.9   35.3   27.2   23.1   37.3
USW00003872BECKLEY                    ,WV   24.0   26.6   33.1   42.6   51.1   58.7   62.4   61.1   55.0   44.2   34.7   28.0   43.5
USW00013866CHARLESTON                 ,WV   26.1   28.6   35.1   44.5   53.2   61.5   65.5   64.1   57.1   45.3   35.6   29.9   45.5
USW00013729ELKINS                     ,WV   20.0   22.0   28.5   37.3   47.0   55.5   59.6   58.4   51.5   39.1   29.9   24.1   39.4
USW00003860HUNTINGTON                 ,WV   26.4   29.1   36.1   45.5   54.2   62.4   66.4   64.8   57.7   46.1   36.6   30.4   46.3
USW00014898GREEN BAY                  ,WI   11.1   13.2   23.9   34.8   46.0   56.2   60.1   58.2   50.2   39.5   28.9   18.0   36.7
USW00014920LA CROSSE                  ,WI   10.5   14.2   26.0   38.4   50.1   60.4   64.5   62.3   54.1   41.9   29.5   17.6   39.1
USW00014837MADISON                    ,WI   11.8   14.9   25.1   35.8   47.1   57.4   61.6   59.5   51.0   39.8   28.7   18.2   37.6
USW00014839MILWAUKEE                  ,WI   17.2   20.0   28.7   37.8   47.8   58.4   64.7   64.2   56.4   44.7   33.1   23.0   41.3
USW00024089CASPER                     ,WY   15.0   15.4   22.7   28.2   37.1   45.4   53.0   51.4   42.2   30.9   22.0   14.8   31.5
USW00024018CHEYENNE                   ,WY   18.4   18.4   25.1   30.8   40.2   49.4   56.1   54.3   45.8   33.9   24.7   18.1   34.6
USW00024021LANDER                     ,WY    9.8   13.3   23.4   30.3   39.4   47.7   55.2   53.8   44.6   32.0   19.9   10.2   31.6
USW00024029SHERIDAN                   ,WY   11.7   13.7   22.4   29.7   38.7   46.8   53.5   51.5   42.5   31.0   19.9   12.2   31.1
GQW00041415GUAM                       ,PC   75.0   74.6   75.4   76.7   77.5   77.7   76.8   76.1   76.0   76.3   77.0   76.5   76.3
PSW00040309KOROR                      ,PC   76.0   75.7   75.9   76.5   76.7   76.1   76.0   76.4   76.3   76.7   76.5   76.3   76.3
RMW00040604KWAJALEIN- MARSHALL IS.    ,PC   78.5   78.3   78.7   78.8   79.0   78.8   78.4   78.6   78.7   78.6   78.5   78.8   78.6
RMW00040710MAJURO- MARSHALL IS        ,PC   78.1   78.0   78.3   78.3   78.4   78.1   78.2   78.3   78.3   78.2   78.1   78.3   78.2
AQW00061705PAGO PAGO- AMER SAMOA      ,PC   78.2   78.3   78.2   78.1   77.9   77.8   77.2   77.0   77.5   77.7   78.0   78.2   77.8
FMW00040504POHNPEI- CAROLINE IS.      ,PC   74.9   75.1   75.0   74.9   74.8   74.6   73.7   73.2   72.9   73.0   73.7   74.6   74.2
FMW00040505CHUUK- E. CAROLINE IS.     ,PC   77.2   77.0   77.1   77.4   77.2   76.7   76.3   76.1   76.0   76.3   76.9   77.2   76.8
FMW00040308YAP- W CAROLINE IS.        ,PC   74.9   74.6   74.7   75.6   76.0   75.4   75.0   74.8   74.8   75.0   75.4   75.5   75.1
RQW00011641SAN JUAN                   ,PR   71.9   71.8   72.4   74.0   75.7   77.2   77.6   77.8   77.5   76.7   74.9   73.3   75.1
